//|================================================================|
//| CashShop Editor - Season 18     [GM]KING                       |
//|================================================================|
//Cat	ID	Main	Item	Coin	Gift	Price	Bonus	PBase1	PBase2	PBase3	PBase4	PBase5	PBase6	PBase7	PBase8	PBase9	PBase10	PMain1	PMain2	PMain3	PMain4	PMain5	PMain6	PMain7	PMain8	PMain9	PMain10	Comment
31	100	100	1	508	100	0	0	1000	0	0	0	0	0	0	0	0	0	1000	0	0	0	0	0	0	0	0	0	// Talisman of Chaos Assembly
31	101	101	1	508	100	0	0	1010	0	0	0	0	0	0	0	0	0	1010	0	0	0	0	0	0	0	0	0	// Magic Backpack
31	102	102	1	508	500	0	0	1020	0	0	0	0	0	0	0	0	0	1020	0	0	0	0	0	0	0	0	0	// Vault Expansion Certificate
31	126	126	1	508	50	0	0	1260	0	0	0	0	0	0	0	0	0	1260	0	0	0	0	0	0	0	0	0	// Talisman of Luck
31	180	180	1	508	20	0	0	1800	0	0	0	0	0	0	0	0	0	1800	0	0	0	0	0	0	0	0	0	// Jewel of Bless
31	181	181	1	508	5	0	0	1810	0	0	0	0	0	0	0	0	0	1810	0	0	0	0	0	0	0	0	0	// Jewel of Soul
31	182	182	1	508	5	0	0	1820	0	0	0	0	0	0	0	0	0	1820	0	0	0	0	0	0	0	0	0	// Jewel of Life
31	183	183	1	508	10	0	0	1830	0	0	0	0	0	0	0	0	0	1830	0	0	0	0	0	0	0	0	0	// Jewel of Creation
31	184	184	1	508	15	0	0	1840	0	0	0	0	0	0	0	0	0	1840	0	0	0	0	0	0	0	0	0	// Jewel of Guardian
31	185	185	1	508	5	0	0	1850	0	0	0	0	0	0	0	0	0	1850	0	0	0	0	0	0	0	0	0	// Gemstone
31	186	186	1	508	15	0	0	1860	0	0	0	0	0	0	0	0	0	1860	0	0	0	0	0	0	0	0	0	// Jewel of Harmony
31	187	187	1	508	5	0	0	1870	0	0	0	0	0	0	0	0	0	1870	0	0	0	0	0	0	0	0	0	// Lower refining stone
31	188	188	1	508	15	0	0	1880	0	0	0	0	0	0	0	0	0	1880	0	0	0	0	0	0	0	0	0	// Higher refining stone
31	189	189	1	508	5	0	0	1890	0	0	0	0	0	0	0	0	0	1890	0	0	0	0	0	0	0	0	0	// Jewel of Chaos
31	247	247	1	508	100	0	0	2470	0	0	0	0	0	0	0	0	0	2470	0	0	0	0	0	0	0	0	0	// Coin of Miracle
32	112	112	1	508	500	0	0	1120	0	0	0	0	0	0	0	0	0	1120	0	0	0	0	0	0	0	0	0	// Seal of Ascension
32	113	113	1	508	500	0	0	1130	0	0	0	0	0	0	0	0	0	1130	0	0	0	0	0	0	0	0	0	// Seal of Wealth
32	114	114	1	508	500	0	0	1140	0	0	0	0	0	0	0	0	0	1140	0	0	0	0	0	0	0	0	0	// Seal of Sustenance
32	118	118	1	508	500	0	0	1180	0	0	0	0	0	0	0	0	0	1180	0	0	0	0	0	0	0	0	0	// Seal of Healing
32	119	119	1	508	500	0	0	1190	0	0	0	0	0	0	0	0	0	1190	0	0	0	0	0	0	0	0	0	// Seal of Divinity
32	122	122	1	508	100	0	0	1220	0	0	0	0	0	0	0	0	0	1220	0	0	0	0	0	0	0	0	0	// Talisman of Resurrection
32	123	123	1	508	100	0	0	1230	0	0	0	0	0	0	0	0	0	1230	0	0	0	0	0	0	0	0	0	// Talisman of Mobility
32	130	130	1	508	100	0	0	1300	0	0	0	0	0	0	0	0	0	1300	0	0	0	0	0	0	0	0	0	// Seal of Wealth
32	134	134	1	508	500	0	0	1340	0	0	0	0	0	0	0	0	0	1340	0	0	0	0	0	0	0	0	0	// Protection Talisman
32	140	140	1	508	500	0	0	1400	0	0	0	0	0	0	0	0	0	1400	0	0	0	0	0	0	0	0	0	// Talisman of Ascension I
32	141	141	1	508	1500	0	0	1410	0	0	0	0	0	0	0	0	0	1410	0	0	0	0	0	0	0	0	0	// Talisman of Ascension II
32	142	142	1	508	2500	0	0	1420	0	0	0	0	0	0	0	0	0	1420	0	0	0	0	0	0	0	0	0	// Talisman of Ascension III
33	135	135	1	508	100	0	0	1350	0	0	0	0	0	0	0	0	0	1350	0	0	0	0	0	0	0	0	0	// Flag of the Dark Wizard
33	138	138	1	508	100	0	0	1380	0	0	0	0	0	0	0	0	0	1380	0	0	0	0	0	0	0	0	0	// Flag of the Dark Knight
33	139	139	1	508	100	0	0	1390	0	0	0	0	0	0	0	0	0	1390	0	0	0	0	0	0	0	0	0	// Flag of the Elf
33	143	143	1	508	100	0	0	1430	0	0	0	0	0	0	0	0	0	1430	0	0	0	0	0	0	0	0	0	// Flag of the Summoner
33	144	144	1	508	100	0	0	1440	0	0	0	0	0	0	0	0	0	1440	0	0	0	0	0	0	0	0	0	// Flag of the Rage Fighter
33	146	146	1	508	100	0	0	1460	0	0	0	0	0	0	0	0	0	1460	0	0	0	0	0	0	0	0	0	// Flag of the Magic Gladiator
33	147	147	1	508	100	0	0	1470	0	0	0	0	0	0	0	0	0	1470	0	0	0	0	0	0	0	0	0	// Flag of the Dark Lord
33	148	148	1	508	100	0	0	1480	0	0	0	0	0	0	0	0	0	1480	0	0	0	0	0	0	0	0	0	// Flag of the Glow Lancer
33	149	149	1	508	100	0	0	1490	0	0	0	0	0	0	0	0	0	1490	0	0	0	0	0	0	0	0	0	// Flag of the Rune Mage
33	150	150	1	508	100	0	0	1500	0	0	0	0	0	0	0	0	0	1500	0	0	0	0	0	0	0	0	0	// Flag of the Slayer
33	151	151	1	508	100	0	0	1510	0	0	0	0	0	0	0	0	0	1510	0	0	0	0	0	0	0	0	0	// Flag of the Gun Crusher
33	152	152	1	508	100	0	0	1520	0	0	0	0	0	0	0	0	0	1520	0	0	0	0	0	0	0	0	0	// Flag of the Kundum
33	153	153	1	508	100	0	0	1530	0	0	0	0	0	0	0	0	0	1530	0	0	0	0	0	0	0	0	0	// Flag of the Lemuria
33	154	154	1	508	100	0	0	1540	0	0	0	0	0	0	0	0	0	1540	0	0	0	0	0	0	0	0	0	// Flag of the Illusion Knight
33	156	156	1	508	100	0	0	1560	0	0	0	0	0	0	0	0	0	1560	0	0	0	0	0	0	0	0	0	// Korean Flag
33	157	157	1	508	100	0	0	1570	0	0	0	0	0	0	0	0	0	1570	0	0	0	0	0	0	0	0	0	// Japanese Flag
33	158	158	1	508	100	0	0	1580	0	0	0	0	0	0	0	0	0	1580	0	0	0	0	0	0	0	0	0	// Chinese Flag
33	159	159	1	508	100	0	0	1590	0	0	0	0	0	0	0	0	0	1590	0	0	0	0	0	0	0	0	0	// Taiwanese Flag
33	160	160	1	508	100	0	0	1600	0	0	0	0	0	0	0	0	0	1600	0	0	0	0	0	0	0	0	0	// Thai Flag
33	161	161	1	508	100	0	0	1610	0	0	0	0	0	0	0	0	0	1610	0	0	0	0	0	0	0	0	0	// Indonesian Flag
33	162	162	1	508	100	0	0	1620	0	0	0	0	0	0	0	0	0	1620	0	0	0	0	0	0	0	0	0	// Philippine Flag
33	163	163	1	508	100	0	0	1630	0	0	0	0	0	0	0	0	0	1630	0	0	0	0	0	0	0	0	0	// Vietnamese Flag
33	164	164	1	508	100	0	0	1640	0	0	0	0	0	0	0	0	0	1640	0	0	0	0	0	0	0	0	0	// Malaysian Flag
33	165	165	1	508	100	0	0	1650	0	0	0	0	0	0	0	0	0	1650	0	0	0	0	0	0	0	0	0	// Singaporean Flag
33	166	166	1	508	100	0	0	1660	0	0	0	0	0	0	0	0	0	1660	0	0	0	0	0	0	0	0	0	// Indian Flag
33	167	167	1	508	100	0	0	1670	0	0	0	0	0	0	0	0	0	1670	0	0	0	0	0	0	0	0	0	// European Alliance Flag
33	168	168	1	508	100	0	0	1680	0	0	0	0	0	0	0	0	0	1680	0	0	0	0	0	0	0	0	0	// American Flag
33	169	169	1	508	100	0	0	1690	0	0	0	0	0	0	0	0	0	1690	0	0	0	0	0	0	0	0	0	// Canadian Flag
33	170	170	1	508	100	0	0	1700	0	0	0	0	0	0	0	0	0	1700	0	0	0	0	0	0	0	0	0	// English Flag
33	171	171	1	508	100	0	0	1710	0	0	0	0	0	0	0	0	0	1710	0	0	0	0	0	0	0	0	0	// French Flag
33	172	172	1	508	100	0	0	1720	0	0	0	0	0	0	0	0	0	1720	0	0	0	0	0	0	0	0	0	// German Flag
33	173	173	1	508	100	0	0	1730	0	0	0	0	0	0	0	0	0	1730	0	0	0	0	0	0	0	0	0	// Russian Flag
33	174	174	1	508	100	0	0	1740	0	0	0	0	0	0	0	0	0	1740	0	0	0	0	0	0	0	0	0	// Portuguese Flag
33	175	175	1	508	100	0	0	1750	0	0	0	0	0	0	0	0	0	1750	0	0	0	0	0	0	0	0	0	// Spanish Flag
33	176	176	1	508	100	0	0	1760	0	0	0	0	0	0	0	0	0	1760	0	0	0	0	0	0	0	0	0	// Brazilian Flag
33	177	177	1	508	100	0	0	1770	0	0	0	0	0	0	0	0	0	1770	0	0	0	0	0	0	0	0	0	// Argentinian Flag
33	178	178	1	508	100	0	0	1780	0	0	0	0	0	0	0	0	0	1780	0	0	0	0	0	0	0	0	0	// Mexican Flag
33	179	179	1	508	100	0	0	1790	0	0	0	0	0	0	0	0	0	1790	0	0	0	0	0	0	0	0	0	// Greek Flag
34	103	103	1	508	500	0	0	1030	0	0	0	0	0	0	0	0	0	1030	0	0	0	0	0	0	0	0	0	// MU Pass EXP Ticket
34	104	104	1	508	500	0	0	1040	0	0	0	0	0	0	0	0	0	1040	0	0	0	0	0	0	0	0	0	// Gold Pass Ticket
34	105	105	1	508	500	0	0	1050	0	0	0	0	0	0	0	0	0	1050	0	0	0	0	0	0	0	0	0	// Premium Pass Ticket
34	583	583	1	508	500	0	0	5830	0	0	0	0	0	0	0	0	0	5830	0	0	0	0	0	0	0	0	0	// Scroll of Quickness
34	584	584	1	508	500	0	0	5840	0	0	0	0	0	0	0	0	0	5840	0	0	0	0	0	0	0	0	0	// Scroll of Defense
34	585	585	1	508	500	0	0	5850	0	0	0	0	0	0	0	0	0	5850	0	0	0	0	0	0	0	0	0	// Scroll of Wrath
34	586	586	1	508	500	0	0	5860	0	0	0	0	0	0	0	0	0	5860	0	0	0	0	0	0	0	0	0	// Scroll of Wizardry
34	587	587	1	508	500	0	0	5870	0	0	0	0	0	0	0	0	0	5870	0	0	0	0	0	0	0	0	0	// Scroll of Health
34	588	588	1	508	500	0	0	5880	0	0	0	0	0	0	0	0	0	5880	0	0	0	0	0	0	0	0	0	// Scroll of Mana
34	589	589	1	508	500	0	0	5890	0	0	0	0	0	0	0	0	0	5890	0	0	0	0	0	0	0	0	0	// Elixir of Strength
34	590	590	1	508	500	0	0	5900	0	0	0	0	0	0	0	0	0	5900	0	0	0	0	0	0	0	0	0	// Elixir of Agility
34	591	591	1	508	500	0	0	5910	0	0	0	0	0	0	0	0	0	5910	0	0	0	0	0	0	0	0	0	// Elixir of Health
34	592	592	1	508	500	0	0	5920	0	0	0	0	0	0	0	0	0	5920	0	0	0	0	0	0	0	0	0	// Elixir of Energy
34	593	593	1	508	500	0	0	5930	0	0	0	0	0	0	0	0	0	5930	0	0	0	0	0	0	0	0	0	// Elixir of Control
35	106	106	1	508	100	0	0	1060	0	0	0	0	0	0	0	0	0	1060	0	0	0	0	0	0	0	0	0	// Brown Panda Transformation Ring
35	107	107	1	508	100	0	0	1070	0	0	0	0	0	0	0	0	0	1070	0	0	0	0	0	0	0	0	0	// Great Heavenly Mage Ring
35	108	108	1	508	100	0	0	1080	0	0	0	0	0	0	0	0	0	1080	0	0	0	0	0	0	0	0	0	// Dark Transformation Ring
35	109	109	1	508	500	0	0	1090	0	0	0	0	0	0	0	0	0	1090	0	0	0	0	0	0	0	0	0	// Dark Raven
35	110	110	1	508	500	0	0	1100	0	0	0	0	0	0	0	0	0	1100	0	0	0	0	0	0	0	0	0	// Dark Horse
35	111	111	1	508	5000	0	0	1110	0	0	0	0	0	0	0	0	0	1110	0	0	0	0	0	0	0	0	0	// Horn of Fenrir
35	120	120	1	508	50	0	0	1200	0	0	0	0	0	0	0	0	0	1200	0	0	0	0	0	0	0	0	0	// Demon
35	121	121	1	508	50	0	0	1210	0	0	0	0	0	0	0	0	0	1210	0	0	0	0	0	0	0	0	0	// Spirit of Guardian
35	124	124	1	508	50	0	0	1240	0	0	0	0	0	0	0	0	0	1240	0	0	0	0	0	0	0	0	0	// Pet Panda
35	125	125	1	508	100	0	0	1250	0	0	0	0	0	0	0	0	0	1250	0	0	0	0	0	0	0	0	0	// Panda Ring
35	129	129	1	508	100	0	0	1290	0	0	0	0	0	0	0	0	0	1290	0	0	0	0	0	0	0	0	0	// Premium Muun Box
35	132	132	1	508	100	0	0	1320	0	0	0	0	0	0	0	0	0	1320	0	0	0	0	0	0	0	0	0	// Skeleton Transformation Ring
35	133	133	1	508	50	0	0	1330	0	0	0	0	0	0	0	0	0	1330	0	0	0	0	0	0	0	0	0	// Pet Skeleton
35	136	136	1	508	100	0	0	1360	0	0	0	0	0	0	0	0	0	1360	0	0	0	0	0	0	0	0	0	// Robot Knight Ring
35	137	137	1	508	100	0	0	1370	0	0	0	0	0	0	0	0	0	1370	0	0	0	0	0	0	0	0	0	// Mini Robot Ring
35	145	145	1	508	100	0	0	1450	0	0	0	0	0	0	0	0	0	1450	0	0	0	0	0	0	0	0	0	// Evolution Stone
36	190	190	1	508	500	0	0	1900	0	0	0	0	0	0	0	0	0	1900	0	0	0	0	0	0	0	0	0	// Innocent Cloak
36	191	191	1	508	500	0	0	1910	0	0	0	0	0	0	0	0	0	1910	0	0	0	0	0	0	0	0	0	// Black Cloak
36	192	192	1	508	500	0	0	1920	0	0	0	0	0	0	0	0	0	1920	0	0	0	0	0	0	0	0	0	// Cloak of Limit
36	193	193	1	508	2000	0	0	1930	0	0	0	0	0	0	0	0	0	1930	0	0	0	0	0	0	0	0	0	// Wing of Storm
36	194	194	1	508	2000	0	0	1940	0	0	0	0	0	0	0	0	0	1940	0	0	0	0	0	0	0	0	0	// Wing of Eternal
36	195	195	1	508	2000	0	0	1950	0	0	0	0	0	0	0	0	0	1950	0	0	0	0	0	0	0	0	0	// Wing of Illusion
36	196	196	1	508	2000	0	0	1960	0	0	0	0	0	0	0	0	0	1960	0	0	0	0	0	0	0	0	0	// Wing of Ruin
36	197	197	1	508	2000	0	0	1970	0	0	0	0	0	0	0	0	0	1970	0	0	0	0	0	0	0	0	0	// Cape of Emperor
36	198	198	1	508	2000	0	0	1980	0	0	0	0	0	0	0	0	0	1980	0	0	0	0	0	0	0	0	0	// Wing of Dimension
36	199	199	1	508	2000	0	0	1990	0	0	0	0	0	0	0	0	0	1990	0	0	0	0	0	0	0	0	0	// Cape of Overrule
36	200	200	1	508	2000	0	0	2000	0	0	0	0	0	0	0	0	0	2000	0	0	0	0	0	0	0	0	0	// Cloak of Brilliance
36	201	201	1	508	2000	0	0	2010	0	0	0	0	0	0	0	0	0	2010	0	0	0	0	0	0	0	0	0	// Desperate Cloak
36	202	202	1	508	2000	0	0	2020	0	0	0	0	0	0	0	0	0	2020	0	0	0	0	0	0	0	0	0	// Wings of Disillusion
36	203	203	1	508	2000	0	0	2030	0	0	0	0	0	0	0	0	0	2030	0	0	0	0	0	0	0	0	0	// Wings of Silence
36	204	204	1	508	2000	0	0	2040	0	0	0	0	0	0	0	0	0	2040	0	0	0	0	0	0	0	0	0	// Wings of Hit
36	205	205	1	508	1000	0	0	2050	0	0	0	0	0	0	0	0	0	2050	0	0	0	0	0	0	0	0	0	// Cloak of Death
36	206	206	1	508	1000	0	0	2060	0	0	0	0	0	0	0	0	0	2060	0	0	0	0	0	0	0	0	0	// Wings of Chaos
36	207	207	1	508	1000	0	0	2070	0	0	0	0	0	0	0	0	0	2070	0	0	0	0	0	0	0	0	0	// Wings of Magic
36	208	208	1	508	1000	0	0	2080	0	0	0	0	0	0	0	0	0	2080	0	0	0	0	0	0	0	0	0	// Wings of Life
36	209	209	1	508	5000	0	0	2090	0	0	0	0	0	0	0	0	0	2090	0	0	0	0	0	0	0	0	0	// Flame Wings
36	210	210	1	508	5000	0	0	2100	0	0	0	0	0	0	0	0	0	2100	0	0	0	0	0	0	0	0	0	// Cloak of Luminosity
36	211	211	1	508	5000	0	0	2110	0	0	0	0	0	0	0	0	0	2110	0	0	0	0	0	0	0	0	0	// Cloak of Hatred
36	212	212	1	508	5000	0	0	2120	0	0	0	0	0	0	0	0	0	2120	0	0	0	0	0	0	0	0	0	// Wings of Elysium
36	213	213	1	508	5000	0	0	2130	0	0	0	0	0	0	0	0	0	2130	0	0	0	0	0	0	0	0	0	// Wings of Flame God
36	214	214	1	508	5000	0	0	2140	0	0	0	0	0	0	0	0	0	2140	0	0	0	0	0	0	0	0	0	// Wing of Celestial Body
36	215	215	1	508	5000	0	0	2150	0	0	0	0	0	0	0	0	0	2150	0	0	0	0	0	0	0	0	0	// Wings of Annihilation
36	216	216	1	508	5000	0	0	2160	0	0	0	0	0	0	0	0	0	2160	0	0	0	0	0	0	0	0	0	// Cloak of Dominator
36	217	217	1	508	5000	0	0	2170	0	0	0	0	0	0	0	0	0	2170	0	0	0	0	0	0	0	0	0	// Wings of Other World
36	218	218	1	508	5000	0	0	2180	0	0	0	0	0	0	0	0	0	2180	0	0	0	0	0	0	0	0	0	// Cloak of Judgment
36	219	219	1	508	5000	0	0	2190	0	0	0	0	0	0	0	0	0	2190	0	0	0	0	0	0	0	0	0	// Cloak of Isolation
36	220	220	1	508	5000	0	0	2200	0	0	0	0	0	0	0	0	0	2200	0	0	0	0	0	0	0	0	0	// Wings of Destiny
36	221	221	1	508	5000	0	0	2210	0	0	0	0	0	0	0	0	0	2210	0	0	0	0	0	0	0	0	0	// Wings of Conviction
36	222	222	1	508	3000	0	0	2220	0	0	0	0	0	0	0	0	0	2220	0	0	0	0	0	0	0	0	0	// Wings of Conqueror
36	223	223	1	508	3000	0	0	2230	0	0	0	0	0	0	0	0	0	2230	0	0	0	0	0	0	0	0	0	// Wings of Angel and Devil
36	224	224	1	508	3000	0	0	2240	0	0	0	0	0	0	0	0	0	2240	0	0	0	0	0	0	0	0	0	// Wings of Conqueror
36	241	241	1	508	500	0	0	2410	0	0	0	0	0	0	0	0	0	2410	0	0	0	0	0	0	0	0	0	// Wings of Soul
36	242	242	1	508	500	0	0	2420	0	0	0	0	0	0	0	0	0	2420	0	0	0	0	0	0	0	0	0	// Wings of Dragon
36	243	243	1	508	500	0	0	2430	0	0	0	0	0	0	0	0	0	2430	0	0	0	0	0	0	0	0	0	// Wings of Spirits
36	244	244	1	508	500	0	0	2440	0	0	0	0	0	0	0	0	0	2440	0	0	0	0	0	0	0	0	0	// Wings of Darkness
36	245	245	1	508	500	0	0	2450	0	0	0	0	0	0	0	0	0	2450	0	0	0	0	0	0	0	0	0	// Wing of Despair
36	246	246	1	508	500	0	0	2460	0	0	0	0	0	0	0	0	0	2460	0	0	0	0	0	0	0	0	0	// Cape of Fighter
36	594	594	1	508	3000	0	0	5940	0	0	0	0	0	0	0	0	0	5940	0	0	0	0	0	0	0	0	0	// Wings of Authority
37	115	115	1	508	200	0	0	1150	0	0	0	0	0	0	0	0	0	1150	0	0	0	0	0	0	0	0	0	// Devil Square Ticket
37	116	116	1	508	200	0	0	1160	0	0	0	0	0	0	0	0	0	1160	0	0	0	0	0	0	0	0	0	// Blood Castle Ticket
37	117	117	1	508	200	0	0	1170	0	0	0	0	0	0	0	0	0	1170	0	0	0	0	0	0	0	0	0	// Illusion Temple Ticket
37	127	127	1	508	20	0	0	1270	0	0	0	0	0	0	0	0	0	1270	0	0	0	0	0	0	0	0	0	// Complete Secromicon
37	128	128	1	508	20	0	0	1280	0	0	0	0	0	0	0	0	0	1280	0	0	0	0	0	0	0	0	0	// Mirror of Dimensions
37	131	131	1	508	200	0	0	1310	0	0	0	0	0	0	0	0	0	1310	0	0	0	0	0	0	0	0	0	// Open Access Ticket to Chaos Ca
38	232	232	1	508	100	0	0	2320	0	0	0	0	0	0	0	0	0	2320	0	0	0	0	0	0	0	0	0	// Titan's Anger
38	233	233	1	508	200	0	0	2330	0	0	0	0	0	0	0	0	0	2330	0	0	0	0	0	0	0	0	0	// Tantalose's Punishment
38	234	234	1	508	500	0	0	2340	0	0	0	0	0	0	0	0	0	2340	0	0	0	0	0	0	0	0	0	// Erohim's Nightmare
38	235	235	1	508	1000	0	0	2350	0	0	0	0	0	0	0	0	0	2350	0	0	0	0	0	0	0	0	0	// Hell Maine's Insanity
38	236	236	1	508	2000	0	0	2360	0	0	0	0	0	0	0	0	0	2360	0	0	0	0	0	0	0	0	0	// Kundun's Greed
38	237	237	1	508	50	0	0	2370	0	0	0	0	0	0	0	0	0	2370	0	0	0	0	0	0	0	0	0	// Monster Summoning Scroll
38	238	238	1	508	50	0	0	2380	0	0	0	0	0	0	0	0	0	2380	0	0	0	0	0	0	0	0	0	// Evomon Summoning Scroll
39	239	239	1	508	500	0	0	2390	0	0	0	0	0	0	0	0	0	2390	0	0	0	0	0	0	0	0	0	// Shining Errtel Capsule [Fire]
39	240	240	1	508	500	0	0	2400	0	0	0	0	0	0	0	0	0	2400	0	0	0	0	0	0	0	0	0	// Shining Errtel Capsule [Water]
39	248	248	1	508	500	0	0	2480	0	0	0	0	0	0	0	0	0	2480	0	0	0	0	0	0	0	0	0	// Shining Errtel Capsule [Earth]
39	249	249	1	508	500	0	0	2490	0	0	0	0	0	0	0	0	0	2490	0	0	0	0	0	0	0	0	0	// Shining Errtel Capsule [Wind]
39	250	250	1	508	500	0	0	2500	0	0	0	0	0	0	0	0	0	2500	0	0	0	0	0	0	0	0	0	// Shining Errtel Capsule [Darkness]
39	251	251	1	508	5000	0	0	2510	0	0	0	0	0	0	0	0	0	2510	0	0	0	0	0	0	0	0	0	// Bloodangel Helm Box
39	252	252	1	508	5000	0	0	2520	0	0	0	0	0	0	0	0	0	2520	0	0	0	0	0	0	0	0	0	// Bloodangel Armor Box
39	253	253	1	508	5000	0	0	2530	0	0	0	0	0	0	0	0	0	2530	0	0	0	0	0	0	0	0	0	// Bloodangel Pants Box
39	254	254	1	508	5000	0	0	2540	0	0	0	0	0	0	0	0	0	2540	0	0	0	0	0	0	0	0	0	// Bloodangel Gloves-Boots Box
39	255	255	1	508	5000	0	0	2550	0	0	0	0	0	0	0	0	0	2550	0	0	0	0	0	0	0	0	0	// Bloodangel Weapon Box
40	256	256	1	508	1000	0	0	2560	0	0	0	0	0	0	0	0	0	2560	0	0	0	0	0	0	0	0	0	// Pinocchio (Evolved)
40	257	257	1	508	1000	0	0	2570	0	0	0	0	0	0	0	0	0	2570	0	0	0	0	0	0	0	0	0	// Geppetto (Evolved)
40	258	258	1	508	1000	0	0	2580	0	0	0	0	0	0	0	0	0	2580	0	0	0	0	0	0	0	0	0	// Blue Fairy (Evolved)
40	259	259	1	508	1000	0	0	2590	0	0	0	0	0	0	0	0	0	2590	0	0	0	0	0	0	0	0	0	// Papa Bear (Evolved)
40	260	260	1	508	1000	0	0	2600	0	0	0	0	0	0	0	0	0	2600	0	0	0	0	0	0	0	0	0	// Baby Bear (Evolved)
40	261	261	1	508	1000	0	0	2610	0	0	0	0	0	0	0	0	0	2610	0	0	0	0	0	0	0	0	0	// Mama Bear (Evolved)
40	262	262	1	508	1000	0	0	2620	0	0	0	0	0	0	0	0	0	2620	0	0	0	0	0	0	0	0	0	// Woody (Evolved)
40	263	263	1	508	1000	0	0	2630	0	0	0	0	0	0	0	0	0	2630	0	0	0	0	0	0	0	0	0	// Treasure Chest (Evolved)
40	264	264	1	508	1000	0	0	2640	0	0	0	0	0	0	0	0	0	2640	0	0	0	0	0	0	0	0	0	// Treasure Hunter (Evolved)
40	265	265	1	508	1000	0	0	2650	0	0	0	0	0	0	0	0	0	2650	0	0	0	0	0	0	0	0	0	// Tree Elf (Evolved)
40	266	266	1	508	1000	0	0	2660	0	0	0	0	0	0	0	0	0	2660	0	0	0	0	0	0	0	0	0	// Grass Fairy (Evolved)
40	267	267	1	508	1000	0	0	2670	0	0	0	0	0	0	0	0	0	2670	0	0	0	0	0	0	0	0	0	// Leaf Mage (Evolved)
40	268	268	1	508	1000	0	0	2680	0	0	0	0	0	0	0	0	0	2680	0	0	0	0	0	0	0	0	0	// Samba Girl (Evolved)
40	269	269	1	508	1000	0	0	2690	0	0	0	0	0	0	0	0	0	2690	0	0	0	0	0	0	0	0	0	// Rio (Evolved)
40	270	270	1	508	1000	0	0	2700	0	0	0	0	0	0	0	0	0	2700	0	0	0	0	0	0	0	0	0	// Bateria (Evolved)
40	271	271	1	508	1000	0	0	2710	0	0	0	0	0	0	0	0	0	2710	0	0	0	0	0	0	0	0	0	// Reporter
40	272	272	1	508	1000	0	0	2720	0	0	0	0	0	0	0	0	0	2720	0	0	0	0	0	0	0	0	0	// Dragon Articles
40	273	273	1	508	1000	0	0	2730	0	0	0	0	0	0	0	0	0	2730	0	0	0	0	0	0	0	0	0	// Tiger (Evolved)
40	274	274	1	508	1000	0	0	2740	0	0	0	0	0	0	0	0	0	2740	0	0	0	0	0	0	0	0	0	// Libra (Evolved)
40	275	275	1	508	1000	0	0	2750	0	0	0	0	0	0	0	0	0	2750	0	0	0	0	0	0	0	0	0	// Scorpio (Evolved)
40	276	276	1	508	1000	0	0	2760	0	0	0	0	0	0	0	0	0	2760	0	0	0	0	0	0	0	0	0	// Rabbit (Evolved)
40	277	277	1	508	1000	0	0	2770	0	0	0	0	0	0	0	0	0	2770	0	0	0	0	0	0	0	0	0	// Kaolin
40	278	278	1	508	1000	0	0	2780	0	0	0	0	0	0	0	0	0	2780	0	0	0	0	0	0	0	0	0	// Chicken (Evolved)
40	279	279	1	508	1000	0	0	2790	0	0	0	0	0	0	0	0	0	2790	0	0	0	0	0	0	0	0	0	// Rooster (Evolved)
40	280	280	1	508	1000	0	0	2800	0	0	0	0	0	0	0	0	0	2800	0	0	0	0	0	0	0	0	0	// Angry Rooster (Evolved)
40	281	281	1	508	1000	0	0	2810	0	0	0	0	0	0	0	0	0	2810	0	0	0	0	0	0	0	0	0	// Luki (Evolved)
40	282	282	1	508	1000	0	0	2820	0	0	0	0	0	0	0	0	0	2820	0	0	0	0	0	0	0	0	0	// Tony (Evolved)
40	283	283	1	508	1000	0	0	2830	0	0	0	0	0	0	0	0	0	2830	0	0	0	0	0	0	0	0	0	// Nymph (Evolved)
40	284	284	1	508	1000	0	0	2840	0	0	0	0	0	0	0	0	0	2840	0	0	0	0	0	0	0	0	0	// Safi (Evolved)
40	285	285	1	508	1000	0	0	2850	0	0	0	0	0	0	0	0	0	2850	0	0	0	0	0	0	0	0	0	// William (Evolved)
40	286	286	1	508	1000	0	0	2860	0	0	0	0	0	0	0	0	0	2860	0	0	0	0	0	0	0	0	0	// Paul (Evolved)
40	287	287	1	508	1000	0	0	2870	0	0	0	0	0	0	0	0	0	2870	0	0	0	0	0	0	0	0	0	// Chiron (Evolved)
40	288	288	1	508	1000	0	0	2880	0	0	0	0	0	0	0	0	0	2880	0	0	0	0	0	0	0	0	0	// Wooparoo (Evolved)
40	289	289	1	508	1000	0	0	2890	0	0	0	0	0	0	0	0	0	2890	0	0	0	0	0	0	0	0	0	// Tibetton (Evolved)
40	290	290	1	508	1000	0	0	2900	0	0	0	0	0	0	0	0	0	2900	0	0	0	0	0	0	0	0	0	// Witch (Evolved)
40	291	291	1	508	1000	0	0	2910	0	0	0	0	0	0	0	0	0	2910	0	0	0	0	0	0	0	0	0	// Skull (Evolved)
40	292	292	1	508	1000	0	0	2920	0	0	0	0	0	0	0	0	0	2920	0	0	0	0	0	0	0	0	0	// Pumpkie (Evolved)
40	293	293	1	508	1000	0	0	2930	0	0	0	0	0	0	0	0	0	2930	0	0	0	0	0	0	0	0	0	// Savath (Evolved)
40	294	294	1	508	1000	0	0	2940	0	0	0	0	0	0	0	0	0	2940	0	0	0	0	0	0	0	0	0	// Lycan (Evolved)
40	295	295	1	508	1000	0	0	2950	0	0	0	0	0	0	0	0	0	2950	0	0	0	0	0	0	0	0	0	// Torby (Evolved)
40	296	296	1	508	1000	0	0	2960	0	0	0	0	0	0	0	0	0	2960	0	0	0	0	0	0	0	0	0	// Seiren (Evolved)
40	297	297	1	508	1000	0	0	2970	0	0	0	0	0	0	0	0	0	2970	0	0	0	0	0	0	0	0	0	// Behemoth (Evolved)
40	298	298	1	508	1000	0	0	2980	0	0	0	0	0	0	0	0	0	2980	0	0	0	0	0	0	0	0	0	// Loggle (Evolved)
40	299	299	1	508	1000	0	0	2990	0	0	0	0	0	0	0	0	0	2990	0	0	0	0	0	0	0	0	0	// Mino (Evolved)
40	300	300	1	508	1000	0	0	3000	0	0	0	0	0	0	0	0	0	3000	0	0	0	0	0	0	0	0	0	// Hound (Evolved)
40	301	301	1	508	1000	0	0	3010	0	0	0	0	0	0	0	0	0	3010	0	0	0	0	0	0	0	0	0	// Trive (Evolved)
40	302	302	1	508	1000	0	0	3020	0	0	0	0	0	0	0	0	0	3020	0	0	0	0	0	0	0	0	0	// Vogan (Evolved)
40	303	303	1	508	1000	0	0	3030	0	0	0	0	0	0	0	0	0	3030	0	0	0	0	0	0	0	0	0	// Cyclop (Evolved)
40	304	304	1	508	1000	0	0	3040	0	0	0	0	0	0	0	0	0	3040	0	0	0	0	0	0	0	0	0	// Bonf (Evolved)
40	305	305	1	508	1000	0	0	3050	0	0	0	0	0	0	0	0	0	3050	0	0	0	0	0	0	0	0	0	// Hawk (Evolved)
40	306	306	1	508	1000	0	0	3060	0	0	0	0	0	0	0	0	0	3060	0	0	0	0	0	0	0	0	0	// Muty (Evolved)
40	307	307	1	508	1000	0	0	3070	0	0	0	0	0	0	0	0	0	3070	0	0	0	0	0	0	0	0	0	// Mantis (Evolved)
40	308	308	1	508	1000	0	0	3080	0	0	0	0	0	0	0	0	0	3080	0	0	0	0	0	0	0	0	0	// Scolpy (Evolved)
40	309	309	1	508	1000	0	0	3090	0	0	0	0	0	0	0	0	0	3090	0	0	0	0	0	0	0	0	0	// Chafer (Evolved)
40	310	310	1	508	1000	0	0	3100	0	0	0	0	0	0	0	0	0	3100	0	0	0	0	0	0	0	0	0	// Cosplay Girl (Evolved)
40	311	311	1	508	1000	0	0	3110	0	0	0	0	0	0	0	0	0	3110	0	0	0	0	0	0	0	0	0	// Cheer Girl (Evolved)
40	312	312	1	508	1000	0	0	3120	0	0	0	0	0	0	0	0	0	3120	0	0	0	0	0	0	0	0	0	// Sporty Girl (Evolved)
40	313	313	1	508	1000	0	0	3130	0	0	0	0	0	0	0	0	0	3130	0	0	0	0	0	0	0	0	0	// Baal (Evolved)
40	314	314	1	508	1000	0	0	3140	0	0	0	0	0	0	0	0	0	3140	0	0	0	0	0	0	0	0	0	// Gaap (Evolved)
40	315	315	1	508	1000	0	0	3150	0	0	0	0	0	0	0	0	0	3150	0	0	0	0	0	0	0	0	0	// Taaf (Evolved)
40	316	316	1	508	1000	0	0	3160	0	0	0	0	0	0	0	0	0	3160	0	0	0	0	0	0	0	0	0	// Frozen (Evolved)
40	317	317	1	508	1000	0	0	3170	0	0	0	0	0	0	0	0	0	3170	0	0	0	0	0	0	0	0	0	// Lure (Evolved)
40	318	318	1	508	1000	0	0	3180	0	0	0	0	0	0	0	0	0	3180	0	0	0	0	0	0	0	0	0	// Fur Seal (Evolved)
40	319	319	1	508	1000	0	0	3190	0	0	0	0	0	0	0	0	0	3190	0	0	0	0	0	0	0	0	0	// Lucky Rabbit (Evolved)
40	320	320	1	508	1000	0	0	3200	0	0	0	0	0	0	0	0	0	3200	0	0	0	0	0	0	0	0	0	// Mooncake Rabbit (Evolved)
40	321	321	1	508	1000	0	0	3210	0	0	0	0	0	0	0	0	0	3210	0	0	0	0	0	0	0	0	0	// Mortar Rabbit (Evolved)
40	322	322	1	508	1000	0	0	3220	0	0	0	0	0	0	0	0	0	3220	0	0	0	0	0	0	0	0	0	// Tarius (Evolved)
40	323	323	1	508	1000	0	0	3230	0	0	0	0	0	0	0	0	0	3230	0	0	0	0	0	0	0	0	0	// Rainer (Evolved)
40	324	324	1	508	1000	0	0	3240	0	0	0	0	0	0	0	0	0	3240	0	0	0	0	0	0	0	0	0	// Alkamo (Evolved)
40	325	325	1	508	1000	0	0	3250	0	0	0	0	0	0	0	0	0	3250	0	0	0	0	0	0	0	0	0	// Glacuse (Evolved)
40	326	326	1	508	1000	0	0	3260	0	0	0	0	0	0	0	0	0	3260	0	0	0	0	0	0	0	0	0	// Kenturion (Evolved)
40	327	327	1	508	1000	0	0	3270	0	0	0	0	0	0	0	0	0	3270	0	0	0	0	0	0	0	0	0	// Rocka (Evolved)
40	328	328	1	508	1000	0	0	3280	0	0	0	0	0	0	0	0	0	3280	0	0	0	0	0	0	0	0	0	// Repen (Evolved)
40	329	329	1	508	1000	0	0	3290	0	0	0	0	0	0	0	0	0	3290	0	0	0	0	0	0	0	0	0	// Pawn (Evolved)
40	330	330	1	508	1000	0	0	3300	0	0	0	0	0	0	0	0	0	3300	0	0	0	0	0	0	0	0	0	// Griffs (Evolved)
40	331	331	1	508	1000	0	0	3310	0	0	0	0	0	0	0	0	0	3310	0	0	0	0	0	0	0	0	0	// Polar Bear (Evolved)
40	332	332	1	508	1000	0	0	3320	0	0	0	0	0	0	0	0	0	3320	0	0	0	0	0	0	0	0	0	// Present (Evolved)
40	333	333	1	508	1000	0	0	3330	0	0	0	0	0	0	0	0	0	3330	0	0	0	0	0	0	0	0	0	// Rocking Horse (Evolved)
40	334	334	1	508	1000	0	0	3340	0	0	0	0	0	0	0	0	0	3340	0	0	0	0	0	0	0	0	0	// Aries (Evolved)
40	335	335	1	508	1000	0	0	3350	0	0	0	0	0	0	0	0	0	3350	0	0	0	0	0	0	0	0	0	// Lester (Evolved)
40	336	336	1	508	1000	0	0	3360	0	0	0	0	0	0	0	0	0	3360	0	0	0	0	0	0	0	0	0	// Merino (Evolved)
40	337	337	1	508	1000	0	0	3370	0	0	0	0	0	0	0	0	0	3370	0	0	0	0	0	0	0	0	0	// Splinter (Evolved)
40	338	338	1	508	1000	0	0	3380	0	0	0	0	0	0	0	0	0	3380	0	0	0	0	0	0	0	0	0	// Mutation (Evolved)
40	339	339	1	508	1000	0	0	3390	0	0	0	0	0	0	0	0	0	3390	0	0	0	0	0	0	0	0	0	// Fighter (Evolved)
40	340	340	1	508	1000	0	0	3400	0	0	0	0	0	0	0	0	0	3400	0	0	0	0	0	0	0	0	0	// Heywood (Evolved)
40	341	341	1	508	1000	0	0	3410	0	0	0	0	0	0	0	0	0	3410	0	0	0	0	0	0	0	0	0	// Branch (Evolved)
40	342	342	1	508	1000	0	0	3420	0	0	0	0	0	0	0	0	0	3420	0	0	0	0	0	0	0	0	0	// Hook (Evolved)
40	343	343	1	508	1000	0	0	3430	0	0	0	0	0	0	0	0	0	3430	0	0	0	0	0	0	0	0	0	// Carnifle (Evolved)
40	344	344	1	508	1000	0	0	3440	0	0	0	0	0	0	0	0	0	3440	0	0	0	0	0	0	0	0	0	// Mandora (Evolved)
40	345	345	1	508	1000	0	0	3450	0	0	0	0	0	0	0	0	0	3450	0	0	0	0	0	0	0	0	0	// Treat (Evolved)
40	346	346	1	508	1000	0	0	3460	0	0	0	0	0	0	0	0	0	3460	0	0	0	0	0	0	0	0	0	// Rose Spirit (Evolved)
40	347	347	1	508	1000	0	0	3470	0	0	0	0	0	0	0	0	0	3470	0	0	0	0	0	0	0	0	0	// Freesia Spirit (Evolved)
40	348	348	1	508	1000	0	0	3480	0	0	0	0	0	0	0	0	0	3480	0	0	0	0	0	0	0	0	0	// CherryBlossom Spirit(Evolved)
40	349	349	1	508	1000	0	0	3490	0	0	0	0	0	0	0	0	0	3490	0	0	0	0	0	0	0	0	0	// Gigantes (Evolved)
40	350	350	1	508	1000	0	0	3500	0	0	0	0	0	0	0	0	0	3500	0	0	0	0	0	0	0	0	0	// Mammoth (Evolved)
40	351	351	1	508	1000	0	0	3510	0	0	0	0	0	0	0	0	0	3510	0	0	0	0	0	0	0	0	0	// Walker (Evolved)
40	352	352	1	508	1000	0	0	3520	0	0	0	0	0	0	0	0	0	3520	0	0	0	0	0	0	0	0	0	// Surfing Girl (Evolved)
40	353	353	1	508	1000	0	0	3530	0	0	0	0	0	0	0	0	0	3530	0	0	0	0	0	0	0	0	0	// Swim Tube Girl (Evolved)
40	354	354	1	508	1000	0	0	3540	0	0	0	0	0	0	0	0	0	3540	0	0	0	0	0	0	0	0	0	// Snorkeling Girl (Evolved)
40	355	355	1	508	1000	0	0	3550	0	0	0	0	0	0	0	0	0	3550	0	0	0	0	0	0	0	0	0	// Commander (Evolved)
40	356	356	1	508	1000	0	0	3560	0	0	0	0	0	0	0	0	0	3560	0	0	0	0	0	0	0	0	0	// Lance Soldier (Evolved)
40	357	357	1	508	1000	0	0	3570	0	0	0	0	0	0	0	0	0	3570	0	0	0	0	0	0	0	0	0	// Bow Soldier (Evolved)
40	358	358	1	508	1000	0	0	3580	0	0	0	0	0	0	0	0	0	3580	0	0	0	0	0	0	0	0	0	// Hammer (Evolved)
40	359	359	1	508	1000	0	0	3590	0	0	0	0	0	0	0	0	0	3590	0	0	0	0	0	0	0	0	0	// Refear (Evolved)
40	360	360	1	508	1000	0	0	3600	0	0	0	0	0	0	0	0	0	3600	0	0	0	0	0	0	0	0	0	// Axer (Evolved)
40	361	361	1	508	1000	0	0	3610	0	0	0	0	0	0	0	0	0	3610	0	0	0	0	0	0	0	0	0	// Pumpkin Girl (Evolved)
40	362	362	1	508	1000	0	0	3620	0	0	0	0	0	0	0	0	0	3620	0	0	0	0	0	0	0	0	0	// Ghost (Evolved)
40	363	363	1	508	1000	0	0	3630	0	0	0	0	0	0	0	0	0	3630	0	0	0	0	0	0	0	0	0	// Mummy Boy (Evolved)
40	364	364	1	508	1000	0	0	3640	0	0	0	0	0	0	0	0	0	3640	0	0	0	0	0	0	0	0	0	// Chrysanthemum (Evolved)
40	365	365	1	508	1000	0	0	3650	0	0	0	0	0	0	0	0	0	3650	0	0	0	0	0	0	0	0	0	// Chrysanthemum (Evolved)
40	366	366	1	508	1000	0	0	3660	0	0	0	0	0	0	0	0	0	3660	0	0	0	0	0	0	0	0	0	// Maple (Evolved)
40	367	367	1	508	1000	0	0	3670	0	0	0	0	0	0	0	0	0	3670	0	0	0	0	0	0	0	0	0	// Ginkgo (Evolved)
40	368	368	1	508	1000	0	0	3680	0	0	0	0	0	0	0	0	0	3680	0	0	0	0	0	0	0	0	0	// Ghost (Evolved)
40	369	369	1	508	1000	0	0	3690	0	0	0	0	0	0	0	0	0	3690	0	0	0	0	0	0	0	0	0	// Mummy Boy (Evolved)
40	370	370	1	508	1000	0	0	3700	0	0	0	0	0	0	0	0	0	3700	0	0	0	0	0	0	0	0	0	// Toy Soldier (Evolved)
40	371	371	1	508	1000	0	0	3710	0	0	0	0	0	0	0	0	0	3710	0	0	0	0	0	0	0	0	0	// Christmas Tree (Evolved)
40	372	372	1	508	1000	0	0	3720	0	0	0	0	0	0	0	0	0	3720	0	0	0	0	0	0	0	0	0	// Snowman (Evolved)
40	373	373	1	508	1000	0	0	3730	0	0	0	0	0	0	0	0	0	3730	0	0	0	0	0	0	0	0	0	// Busker Monkey (Evolved)
40	374	374	1	508	1000	0	0	3740	0	0	0	0	0	0	0	0	0	3740	0	0	0	0	0	0	0	0	0	// DJ Monkey (Evolved)
40	375	375	1	508	1000	0	0	3750	0	0	0	0	0	0	0	0	0	3750	0	0	0	0	0	0	0	0	0	// Space Monkey (Evolved)
40	376	376	1	508	1000	0	0	3760	0	0	0	0	0	0	0	0	0	3760	0	0	0	0	0	0	0	0	0	// Little Cupid (Evolved)
40	377	377	1	508	1000	0	0	3770	0	0	0	0	0	0	0	0	0	3770	0	0	0	0	0	0	0	0	0	// Chocolate Cookie (Evolved)
40	378	378	1	508	1000	0	0	3780	0	0	0	0	0	0	0	0	0	3780	0	0	0	0	0	0	0	0	0	// Heart Girl (Evolved)
40	379	379	1	508	1000	0	0	3790	0	0	0	0	0	0	0	0	0	3790	0	0	0	0	0	0	0	0	0	// Candy Girl (Evolved)
40	380	380	1	508	1000	0	0	3800	0	0	0	0	0	0	0	0	0	3800	0	0	0	0	0	0	0	0	0	// Lollipop Mama (Evolved)
40	381	381	1	508	1000	0	0	3810	0	0	0	0	0	0	0	0	0	3810	0	0	0	0	0	0	0	0	0	// Sweet Muscle Man (Evolved)
41	226	226	1	0	500000	0	0	2260	0	0	0	0	0	0	0	0	0	2260	0	0	0	0	0	0	0	0	0	// Bloodangel Sword
41	227	227	1	0	500000	0	0	2270	0	0	0	0	0	0	0	0	0	2270	0	0	0	0	0	0	0	0	0	// Bloodangel Magic Sword
41	228	228	1	0	500000	0	0	2280	0	0	0	0	0	0	0	0	0	2280	0	0	0	0	0	0	0	0	0	// Bloodangel Claws
41	229	229	1	0	500000	0	0	2290	0	0	0	0	0	0	0	0	0	2290	0	0	0	0	0	0	0	0	0	// Bloodangel Short Sword
41	230	230	1	0	500000	0	0	2300	0	0	0	0	0	0	0	0	0	2300	0	0	0	0	0	0	0	0	0	// Bloodangel Magic Sword
41	231	231	1	0	500000	0	0	2310	0	0	0	0	0	0	0	0	0	2310	0	0	0	0	0	0	0	0	0	// Bloodangel Blade
41	397	397	1	0	500000	0	0	3970	0	0	0	0	0	0	0	0	0	3970	0	0	0	0	0	0	0	0	0	// Bloodangel Scepter
41	443	443	1	0	500000	0	0	4430	0	0	0	0	0	0	0	0	0	4430	0	0	0	0	0	0	0	0	0	// Bloodangel Rune Mace
41	481	481	1	0	500000	0	0	4810	0	0	0	0	0	0	0	0	0	4810	0	0	0	0	0	0	0	0	0	// Bloodangel Lance
41	482	482	1	0	500000	0	0	4820	0	0	0	0	0	0	0	0	0	4820	0	0	0	0	0	0	0	0	0	// Bloodangel Bow
41	483	483	1	0	500000	0	0	4830	0	0	0	0	0	0	0	0	0	4830	0	0	0	0	0	0	0	0	0	// Bloodangel Quiver
41	484	484	1	0	500000	0	0	4840	0	0	0	0	0	0	0	0	0	4840	0	0	0	0	0	0	0	0	0	// Blood Angel Magic Gun
41	485	485	1	0	500000	0	0	4850	0	0	0	0	0	0	0	0	0	4850	0	0	0	0	0	0	0	0	0	// Bloodangel Staff
41	486	486	1	0	500000	0	0	4860	0	0	0	0	0	0	0	0	0	4860	0	0	0	0	0	0	0	0	0	// Bloodangel Stick
41	487	487	1	0	500000	0	0	4870	0	0	0	0	0	0	0	0	0	4870	0	0	0	0	0	0	0	0	0	// Book of Bloodangel
41	488	488	1	0	500000	0	0	4880	0	0	0	0	0	0	0	0	0	4880	0	0	0	0	0	0	0	0	0	// Blood Angel Magic Book
41	489	489	1	0	500000	0	0	4890	0	0	0	0	0	0	0	0	0	4890	0	0	0	0	0	0	0	0	0	// Blood Angel Orb
41	490	490	1	0	500000	0	0	4900	0	0	0	0	0	0	0	0	0	4900	0	0	0	0	0	0	0	0	0	// Blood Angel Shield
42	491	491	1	0	500000	0	0	4910	0	0	0	0	0	0	0	0	0	4910	0	0	0	0	0	0	0	0	0	// Bloodangel Knight Helm
42	492	492	1	0	500000	0	0	4920	0	0	0	0	0	0	0	0	0	4920	0	0	0	0	0	0	0	0	0	// Bloodangel Wizard Helm
42	493	493	1	0	500000	0	0	4930	0	0	0	0	0	0	0	0	0	4930	0	0	0	0	0	0	0	0	0	// Bloodangel Elf Helm
42	494	494	1	0	500000	0	0	4940	0	0	0	0	0	0	0	0	0	4940	0	0	0	0	0	0	0	0	0	// Bloodangel Summoner Helm
42	495	495	1	0	500000	0	0	4950	0	0	0	0	0	0	0	0	0	4950	0	0	0	0	0	0	0	0	0	// Bloodangel Lord Helm
42	496	496	1	0	500000	0	0	4960	0	0	0	0	0	0	0	0	0	4960	0	0	0	0	0	0	0	0	0	// Bloodangel Fighter Helm
42	497	497	1	0	500000	0	0	4970	0	0	0	0	0	0	0	0	0	4970	0	0	0	0	0	0	0	0	0	// Bloodangel Lancer Helm
42	498	498	1	0	500000	0	0	4980	0	0	0	0	0	0	0	0	0	4980	0	0	0	0	0	0	0	0	0	// Bloodangel Rune Mage Helm
42	499	499	1	0	500000	0	0	4990	0	0	0	0	0	0	0	0	0	4990	0	0	0	0	0	0	0	0	0	// Bloodangel Elf Helm
42	500	500	1	0	500000	0	0	5000	0	0	0	0	0	0	0	0	0	5000	0	0	0	0	0	0	0	0	0	// Bloodangel Slayer Helm
42	501	501	1	0	500000	0	0	5010	0	0	0	0	0	0	0	0	0	5010	0	0	0	0	0	0	0	0	0	// Blood Angel Knight Helm (Conviction)
42	502	502	1	0	500000	0	0	5020	0	0	0	0	0	0	0	0	0	5020	0	0	0	0	0	0	0	0	0	// Blood Angel Gun Crusher Helmet
42	503	503	1	0	500000	0	0	5030	0	0	0	0	0	0	0	0	0	5030	0	0	0	0	0	0	0	0	0	// Blood Angel White Wizard Helmet
42	504	504	1	0	500000	0	0	5040	0	0	0	0	0	0	0	0	0	5040	0	0	0	0	0	0	0	0	0	// Blood Angel Mage Helmet
42	505	505	1	0	500000	0	0	5050	0	0	0	0	0	0	0	0	0	5050	0	0	0	0	0	0	0	0	0	// Bloodangel Illusion Knight Helm
43	506	506	1	0	500000	0	0	5060	0	0	0	0	0	0	0	0	0	5060	0	0	0	0	0	0	0	0	0	// Bloodangel Knight Armor
43	507	507	1	0	500000	0	0	5070	0	0	0	0	0	0	0	0	0	5070	0	0	0	0	0	0	0	0	0	// Bloodangel Wizard Armor
43	508	508	1	0	500000	0	0	5080	0	0	0	0	0	0	0	0	0	5080	0	0	0	0	0	0	0	0	0	// Bloodangel Elf Armor
43	509	509	1	0	500000	0	0	5090	0	0	0	0	0	0	0	0	0	5090	0	0	0	0	0	0	0	0	0	// Bloodangel Summoner Armor
43	510	510	1	0	500000	0	0	5100	0	0	0	0	0	0	0	0	0	5100	0	0	0	0	0	0	0	0	0	// Bloodangel Magic Armor
43	511	511	1	0	500000	0	0	5110	0	0	0	0	0	0	0	0	0	5110	0	0	0	0	0	0	0	0	0	// Bloodangel Lord Armor
43	512	512	1	0	500000	0	0	5120	0	0	0	0	0	0	0	0	0	5120	0	0	0	0	0	0	0	0	0	// Bloodangel Fighter Armor
43	513	513	1	0	500000	0	0	5130	0	0	0	0	0	0	0	0	0	5130	0	0	0	0	0	0	0	0	0	// Bloodangel Lancer Armor
43	514	514	1	0	500000	0	0	5140	0	0	0	0	0	0	0	0	0	5140	0	0	0	0	0	0	0	0	0	// Bloodangel Rune Mage Armor
43	515	515	1	0	500000	0	0	5150	0	0	0	0	0	0	0	0	0	5150	0	0	0	0	0	0	0	0	0	// Bloodangel Elf Armor
43	516	516	1	0	500000	0	0	5160	0	0	0	0	0	0	0	0	0	5160	0	0	0	0	0	0	0	0	0	// Bloodangel Magic Armor
43	517	517	1	0	500000	0	0	5170	0	0	0	0	0	0	0	0	0	5170	0	0	0	0	0	0	0	0	0	// Bloodangel Slayer Armor
43	518	518	1	0	500000	0	0	5180	0	0	0	0	0	0	0	0	0	5180	0	0	0	0	0	0	0	0	0	// Blood Angel Knight Armor (Conviction)
43	519	519	1	0	500000	0	0	5190	0	0	0	0	0	0	0	0	0	5190	0	0	0	0	0	0	0	0	0	// Blood Angel Gun Crusher Armor
43	520	520	1	0	500000	0	0	5200	0	0	0	0	0	0	0	0	0	5200	0	0	0	0	0	0	0	0	0	// Blood Angel White Wizard Armor
43	521	521	1	0	500000	0	0	5210	0	0	0	0	0	0	0	0	0	5210	0	0	0	0	0	0	0	0	0	// Blood Angel Mage Armor
43	522	522	1	0	500000	0	0	5220	0	0	0	0	0	0	0	0	0	5220	0	0	0	0	0	0	0	0	0	// Bloodangel Illusion Knight Armor
44	523	523	1	0	500000	0	0	5230	0	0	0	0	0	0	0	0	0	5230	0	0	0	0	0	0	0	0	0	// Bloodangel Knight Pants
44	524	524	1	0	500000	0	0	5240	0	0	0	0	0	0	0	0	0	5240	0	0	0	0	0	0	0	0	0	// Bloodangel Wizard Pants
44	525	525	1	0	500000	0	0	5250	0	0	0	0	0	0	0	0	0	5250	0	0	0	0	0	0	0	0	0	// Bloodangel Elf Pants
44	526	526	1	0	500000	0	0	5260	0	0	0	0	0	0	0	0	0	5260	0	0	0	0	0	0	0	0	0	// Bloodangel Summoner Pants
44	527	527	1	0	500000	0	0	5270	0	0	0	0	0	0	0	0	0	5270	0	0	0	0	0	0	0	0	0	// Bloodangel Magic Pants
44	528	528	1	0	500000	0	0	5280	0	0	0	0	0	0	0	0	0	5280	0	0	0	0	0	0	0	0	0	// Bloodangel Lord Pants
44	529	529	1	0	500000	0	0	5290	0	0	0	0	0	0	0	0	0	5290	0	0	0	0	0	0	0	0	0	// Bloodangel Fighter Pants
44	530	530	1	0	500000	0	0	5300	0	0	0	0	0	0	0	0	0	5300	0	0	0	0	0	0	0	0	0	// Bloodangel Lancer Pants
44	531	531	1	0	500000	0	0	5310	0	0	0	0	0	0	0	0	0	5310	0	0	0	0	0	0	0	0	0	// Bloodangel Rune Mage Pants
44	532	532	1	0	500000	0	0	5320	0	0	0	0	0	0	0	0	0	5320	0	0	0	0	0	0	0	0	0	// Bloodangel Elf Pants
44	533	533	1	0	500000	0	0	5330	0	0	0	0	0	0	0	0	0	5330	0	0	0	0	0	0	0	0	0	// Bloodangel Magic Pants
44	534	534	1	0	500000	0	0	5340	0	0	0	0	0	0	0	0	0	5340	0	0	0	0	0	0	0	0	0	// Bloodangel Slayer Pants
44	535	535	1	0	500000	0	0	5350	0	0	0	0	0	0	0	0	0	5350	0	0	0	0	0	0	0	0	0	// Blood Angel Knight Pants (Conviction)
44	536	536	1	0	500000	0	0	5360	0	0	0	0	0	0	0	0	0	5360	0	0	0	0	0	0	0	0	0	// Blood Angel Gun Crusher Pants
44	537	537	1	0	500000	0	0	5370	0	0	0	0	0	0	0	0	0	5370	0	0	0	0	0	0	0	0	0	// Blood Angel White Wizard Pants
44	538	538	1	0	500000	0	0	5380	0	0	0	0	0	0	0	0	0	5380	0	0	0	0	0	0	0	0	0	// Blood Angel Mage Pants
44	539	539	1	0	500000	0	0	5390	0	0	0	0	0	0	0	0	0	5390	0	0	0	0	0	0	0	0	0	// Bloodangel Illusion Knight Pants
45	540	540	1	0	500000	0	0	5400	0	0	0	0	0	0	0	0	0	5400	0	0	0	0	0	0	0	0	0	// Bloodangel Knight Gloves
45	541	541	1	0	500000	0	0	5410	0	0	0	0	0	0	0	0	0	5410	0	0	0	0	0	0	0	0	0	// Bloodangel Wizard Gloves
45	542	542	1	0	500000	0	0	5420	0	0	0	0	0	0	0	0	0	5420	0	0	0	0	0	0	0	0	0	// Bloodangel Elf Gloves
45	543	543	1	0	500000	0	0	5430	0	0	0	0	0	0	0	0	0	5430	0	0	0	0	0	0	0	0	0	// Bloodangel Summoner Gloves
45	544	544	1	0	500000	0	0	5440	0	0	0	0	0	0	0	0	0	5440	0	0	0	0	0	0	0	0	0	// Bloodangel Magic Gloves
45	545	545	1	0	500000	0	0	5450	0	0	0	0	0	0	0	0	0	5450	0	0	0	0	0	0	0	0	0	// Bloodangel Lord Gloves
45	546	546	1	0	500000	0	0	5460	0	0	0	0	0	0	0	0	0	5460	0	0	0	0	0	0	0	0	0	// Bloodangel Lancer Gloves
45	547	547	1	0	500000	0	0	5470	0	0	0	0	0	0	0	0	0	5470	0	0	0	0	0	0	0	0	0	// Bloodangel Rune Mage Gloves
45	548	548	1	0	500000	0	0	5480	0	0	0	0	0	0	0	0	0	5480	0	0	0	0	0	0	0	0	0	// Bloodangel Elf Gloves
45	549	549	1	0	500000	0	0	5490	0	0	0	0	0	0	0	0	0	5490	0	0	0	0	0	0	0	0	0	// Bloodangel Magic Gloves
45	550	550	1	0	500000	0	0	5500	0	0	0	0	0	0	0	0	0	5500	0	0	0	0	0	0	0	0	0	// Bloodangel Slayer Gloves
45	551	551	1	0	500000	0	0	5510	0	0	0	0	0	0	0	0	0	5510	0	0	0	0	0	0	0	0	0	// Blood Angel Knight Gloves (Conviction)
45	552	552	1	0	500000	0	0	5520	0	0	0	0	0	0	0	0	0	5520	0	0	0	0	0	0	0	0	0	// Blood Angel Gun Crusher Gloves
45	553	553	1	0	500000	0	0	5530	0	0	0	0	0	0	0	0	0	5530	0	0	0	0	0	0	0	0	0	// Blood Angel White Wizard Gloves
45	554	554	1	0	500000	0	0	5540	0	0	0	0	0	0	0	0	0	5540	0	0	0	0	0	0	0	0	0	// Blood Angel Mage Gloves
45	555	555	1	0	500000	0	0	5550	0	0	0	0	0	0	0	0	0	5550	0	0	0	0	0	0	0	0	0	// Bloodangel Illusion Knight Gloves
46	556	556	1	0	500000	0	0	5560	0	0	0	0	0	0	0	0	0	5560	0	0	0	0	0	0	0	0	0	// Bloodangel Knight Boots
46	557	557	1	0	500000	0	0	5570	0	0	0	0	0	0	0	0	0	5570	0	0	0	0	0	0	0	0	0	// Bloodangel Wizard Boots
46	558	558	1	0	500000	0	0	5580	0	0	0	0	0	0	0	0	0	5580	0	0	0	0	0	0	0	0	0	// Bloodangel Elf Boots
46	559	559	1	0	500000	0	0	5590	0	0	0	0	0	0	0	0	0	5590	0	0	0	0	0	0	0	0	0	// Bloodangel Summoner Boots
46	560	560	1	0	500000	0	0	5600	0	0	0	0	0	0	0	0	0	5600	0	0	0	0	0	0	0	0	0	// Bloodangel Magic Boots
46	561	561	1	0	500000	0	0	5610	0	0	0	0	0	0	0	0	0	5610	0	0	0	0	0	0	0	0	0	// Bloodangel Lord Boots
46	562	562	1	0	500000	0	0	5620	0	0	0	0	0	0	0	0	0	5620	0	0	0	0	0	0	0	0	0	// Bloodangel Fighter Boots
46	563	563	1	0	500000	0	0	5630	0	0	0	0	0	0	0	0	0	5630	0	0	0	0	0	0	0	0	0	// Bloodangel Lancer Boots
46	564	564	1	0	500000	0	0	5640	0	0	0	0	0	0	0	0	0	5640	0	0	0	0	0	0	0	0	0	// Bloodangel Rune Mage Boots
46	565	565	1	0	500000	0	0	5650	0	0	0	0	0	0	0	0	0	5650	0	0	0	0	0	0	0	0	0	// Bloodangel Elf Boots
46	566	566	1	0	500000	0	0	5660	0	0	0	0	0	0	0	0	0	5660	0	0	0	0	0	0	0	0	0	// Bloodangel Magic Boots
46	567	567	1	0	500000	0	0	5670	0	0	0	0	0	0	0	0	0	5670	0	0	0	0	0	0	0	0	0	// Bloodangel Slayer Boots
46	568	568	1	0	500000	0	0	5680	0	0	0	0	0	0	0	0	0	5680	0	0	0	0	0	0	0	0	0	// Blood Angel Knight Boots (Conviction)
46	569	569	1	0	500000	0	0	5690	0	0	0	0	0	0	0	0	0	5690	0	0	0	0	0	0	0	0	0	// Blood Angel Gun Crasher Boots
46	570	570	1	0	500000	0	0	5700	0	0	0	0	0	0	0	0	0	5700	0	0	0	0	0	0	0	0	0	// Blood Angel White Wizard Boots
46	571	571	1	0	500000	0	0	5710	0	0	0	0	0	0	0	0	0	5710	0	0	0	0	0	0	0	0	0	// Blood Angel Mage Boots
46	572	572	1	0	500000	0	0	5720	0	0	0	0	0	0	0	0	0	5720	0	0	0	0	0	0	0	0	0	// Bloodangel Illusion Knight Boots
47	573	573	1	0	500000	0	0	5730	0	0	0	0	0	0	0	0	0	5730	0	0	0	0	0	0	0	0	0	// Ring of Ice
47	574	574	1	0	500000	0	0	5740	0	0	0	0	0	0	0	0	0	5740	0	0	0	0	0	0	0	0	0	// Ring of Poison
47	575	575	1	0	500000	0	0	5750	0	0	0	0	0	0	0	0	0	5750	0	0	0	0	0	0	0	0	0	// Pendant of Lighting
47	576	576	1	0	500000	0	0	5760	0	0	0	0	0	0	0	0	0	5760	0	0	0	0	0	0	0	0	0	// Pendant of Fire
47	577	577	1	0	500000	0	0	5770	0	0	0	0	0	0	0	0	0	5770	0	0	0	0	0	0	0	0	0	// Ring of Fire
47	578	578	1	0	500000	0	0	5780	0	0	0	0	0	0	0	0	0	5780	0	0	0	0	0	0	0	0	0	// Ring of Earth
47	579	579	1	0	500000	0	0	5790	0	0	0	0	0	0	0	0	0	5790	0	0	0	0	0	0	0	0	0	// Ring of Wind
47	580	580	1	0	500000	0	0	5800	0	0	0	0	0	0	0	0	0	5800	0	0	0	0	0	0	0	0	0	// Pendant of Ice
47	581	581	1	0	500000	0	0	5810	0	0	0	0	0	0	0	0	0	5810	0	0	0	0	0	0	0	0	0	// Pendant of Wind
47	582	582	1	0	500000	0	0	5820	0	0	0	0	0	0	0	0	0	5820	0	0	0	0	0	0	0	0	0	// Pendant of Water
61	382	382	1	509	500000	0	0	3820	0	0	0	0	0	0	0	0	0	3820	0	0	0	0	0	0	0	0	0	// Bloodangel Knight Helm
61	383	383	1	509	500000	0	0	3830	0	0	0	0	0	0	0	0	0	3830	0	0	0	0	0	0	0	0	0	// Bloodangel Wizard Helm
61	384	384	1	509	500000	0	0	3840	0	0	0	0	0	0	0	0	0	3840	0	0	0	0	0	0	0	0	0	// Bloodangel Elf Helm
61	385	385	1	509	500000	0	0	3850	0	0	0	0	0	0	0	0	0	3850	0	0	0	0	0	0	0	0	0	// Bloodangel Summoner Helm
61	386	386	1	509	500000	0	0	3860	0	0	0	0	0	0	0	0	0	3860	0	0	0	0	0	0	0	0	0	// Bloodangel Lord Helm
61	387	387	1	509	500000	0	0	3870	0	0	0	0	0	0	0	0	0	3870	0	0	0	0	0	0	0	0	0	// Bloodangel Fighter Helm
61	388	388	1	509	500000	0	0	3880	0	0	0	0	0	0	0	0	0	3880	0	0	0	0	0	0	0	0	0	// Bloodangel Lancer Helm
61	389	389	1	509	500000	0	0	3890	0	0	0	0	0	0	0	0	0	3890	0	0	0	0	0	0	0	0	0	// Bloodangel Rune Mage Helm
61	390	390	1	509	500000	0	0	3900	0	0	0	0	0	0	0	0	0	3900	0	0	0	0	0	0	0	0	0	// Bloodangel Elf Helm
61	391	391	1	509	500000	0	0	3910	0	0	0	0	0	0	0	0	0	3910	0	0	0	0	0	0	0	0	0	// Bloodangel Slayer Helm
61	392	392	1	509	500000	0	0	3920	0	0	0	0	0	0	0	0	0	3920	0	0	0	0	0	0	0	0	0	// Blood Angel Knight Helm (Conviction)
61	393	393	1	509	500000	0	0	3930	0	0	0	0	0	0	0	0	0	3930	0	0	0	0	0	0	0	0	0	// Blood Angel Gun Crusher Helmet
61	394	394	1	509	500000	0	0	3940	0	0	0	0	0	0	0	0	0	3940	0	0	0	0	0	0	0	0	0	// Blood Angel White Wizard Helmet
61	395	395	1	509	500000	0	0	3950	0	0	0	0	0	0	0	0	0	3950	0	0	0	0	0	0	0	0	0	// Blood Angel Mage Helmet
61	396	396	1	509	500000	0	0	3960	0	0	0	0	0	0	0	0	0	3960	0	0	0	0	0	0	0	0	0	// Bloodangel Illusion Knight Helm
62	155	155	1	509	500000	0	0	1550	0	0	0	0	0	0	0	0	0	1550	0	0	0	0	0	0	0	0	0	// Bloodangel Bow
62	434	434	1	509	500000	0	0	4340	0	0	0	0	0	0	0	0	0	4340	0	0	0	0	0	0	0	0	0	// Bloodangel Sword
62	435	435	1	509	500000	0	0	4350	0	0	0	0	0	0	0	0	0	4350	0	0	0	0	0	0	0	0	0	// Bloodangel Magic Sword
62	436	436	1	509	500000	0	0	4360	0	0	0	0	0	0	0	0	0	4360	0	0	0	0	0	0	0	0	0	// Bloodangel Claws
62	437	437	1	509	500000	0	0	4370	0	0	0	0	0	0	0	0	0	4370	0	0	0	0	0	0	0	0	0	// Bloodangel Short Sword
62	438	438	1	509	500000	0	0	4380	0	0	0	0	0	0	0	0	0	4380	0	0	0	0	0	0	0	0	0	// Bloodangel Magic Sword
62	439	439	1	509	500000	0	0	4390	0	0	0	0	0	0	0	0	0	4390	0	0	0	0	0	0	0	0	0	// Bloodangel Blade
62	440	440	1	509	500000	0	0	4400	0	0	0	0	0	0	0	0	0	4400	0	0	0	0	0	0	0	0	0	// Bloodangel Scepter
62	441	441	1	509	500000	0	0	4410	0	0	0	0	0	0	0	0	0	4410	0	0	0	0	0	0	0	0	0	// Bloodangel Rune Mace
62	442	442	1	509	500000	0	0	4420	0	0	0	0	0	0	0	0	0	4420	0	0	0	0	0	0	0	0	0	// Bloodangel Lance
62	444	444	1	509	500000	0	0	4440	0	0	0	0	0	0	0	0	0	4440	0	0	0	0	0	0	0	0	0	// Bloodangel Quiver
62	445	445	1	509	500000	0	0	4450	0	0	0	0	0	0	0	0	0	4450	0	0	0	0	0	0	0	0	0	// Blood Angel Magic Gun
62	446	446	1	509	500000	0	0	4460	0	0	0	0	0	0	0	0	0	4460	0	0	0	0	0	0	0	0	0	// Bloodangel Staff
62	447	447	1	509	500000	0	0	4470	0	0	0	0	0	0	0	0	0	4470	0	0	0	0	0	0	0	0	0	// Bloodangel Stick
62	448	448	1	509	500000	0	0	4480	0	0	0	0	0	0	0	0	0	4480	0	0	0	0	0	0	0	0	0	// Blood Angel Magic Book
62	449	449	1	509	500000	0	0	4490	0	0	0	0	0	0	0	0	0	4490	0	0	0	0	0	0	0	0	0	// Blood Angel Orb
62	450	450	1	509	500000	0	0	4500	0	0	0	0	0	0	0	0	0	4500	0	0	0	0	0	0	0	0	0	// Blood Angel Shield
63	225	225	1	509	500000	0	0	2250	0	0	0	0	0	0	0	0	0	2250	0	0	0	0	0	0	0	0	0	// Bloodangel Knight Armor
63	398	398	1	509	500000	0	0	3980	0	0	0	0	0	0	0	0	0	3980	0	0	0	0	0	0	0	0	0	// Bloodangel Wizard Armor
63	399	399	1	509	500000	0	0	3990	0	0	0	0	0	0	0	0	0	3990	0	0	0	0	0	0	0	0	0	// Bloodangel Elf Armor
63	400	400	1	509	500000	0	0	4000	0	0	0	0	0	0	0	0	0	4000	0	0	0	0	0	0	0	0	0	// Bloodangel Summoner Armor
63	401	401	1	509	500000	0	0	4010	0	0	0	0	0	0	0	0	0	4010	0	0	0	0	0	0	0	0	0	// Bloodangel Magic Armor
63	402	402	1	509	500000	0	0	4020	0	0	0	0	0	0	0	0	0	4020	0	0	0	0	0	0	0	0	0	// Bloodangel Lord Armor
63	403	403	1	509	500000	0	0	4030	0	0	0	0	0	0	0	0	0	4030	0	0	0	0	0	0	0	0	0	// Bloodangel Fighter Armor
63	404	404	1	509	500000	0	0	4040	0	0	0	0	0	0	0	0	0	4040	0	0	0	0	0	0	0	0	0	// Bloodangel Lancer Armor
63	405	405	1	509	500000	0	0	4050	0	0	0	0	0	0	0	0	0	4050	0	0	0	0	0	0	0	0	0	// Bloodangel Rune Mage Armor
63	406	406	1	509	500000	0	0	4060	0	0	0	0	0	0	0	0	0	4060	0	0	0	0	0	0	0	0	0	// Bloodangel Elf Armor
63	407	407	1	509	500000	0	0	4070	0	0	0	0	0	0	0	0	0	4070	0	0	0	0	0	0	0	0	0	// Bloodangel Magic Armor
63	408	408	1	509	500000	0	0	4080	0	0	0	0	0	0	0	0	0	4080	0	0	0	0	0	0	0	0	0	// Bloodangel Slayer Armor
63	409	409	1	509	500000	0	0	4090	0	0	0	0	0	0	0	0	0	4090	0	0	0	0	0	0	0	0	0	// Blood Angel Knight Armor (Conviction)
63	410	410	1	509	500000	0	0	4100	0	0	0	0	0	0	0	0	0	4100	0	0	0	0	0	0	0	0	0	// Blood Angel Gun Crusher Armor
63	411	411	1	509	500000	0	0	4110	0	0	0	0	0	0	0	0	0	4110	0	0	0	0	0	0	0	0	0	// Blood Angel White Wizard Armor
63	412	412	1	509	500000	0	0	4120	0	0	0	0	0	0	0	0	0	4120	0	0	0	0	0	0	0	0	0	// Blood Angel Mage Armor
63	413	413	1	509	500000	0	0	4130	0	0	0	0	0	0	0	0	0	4130	0	0	0	0	0	0	0	0	0	// Bloodangel Illusion Knight Armor
64	414	414	1	509	500000	0	0	4140	0	0	0	0	0	0	0	0	0	4140	0	0	0	0	0	0	0	0	0	// Bloodangel Knight Pants
64	415	415	1	509	500000	0	0	4150	0	0	0	0	0	0	0	0	0	4150	0	0	0	0	0	0	0	0	0	// Bloodangel Wizard Pants
64	416	416	1	509	500000	0	0	4160	0	0	0	0	0	0	0	0	0	4160	0	0	0	0	0	0	0	0	0	// Bloodangel Elf Pants
64	417	417	1	509	500000	0	0	4170	0	0	0	0	0	0	0	0	0	4170	0	0	0	0	0	0	0	0	0	// Bloodangel Summoner Pants
64	418	418	1	509	500000	0	0	4180	0	0	0	0	0	0	0	0	0	4180	0	0	0	0	0	0	0	0	0	// Bloodangel Magic Pants
64	419	419	1	509	500000	0	0	4190	0	0	0	0	0	0	0	0	0	4190	0	0	0	0	0	0	0	0	0	// Bloodangel Lord Pants
64	420	420	1	509	500000	0	0	4200	0	0	0	0	0	0	0	0	0	4200	0	0	0	0	0	0	0	0	0	// Bloodangel Fighter Pants
64	421	421	1	509	500000	0	0	4210	0	0	0	0	0	0	0	0	0	4210	0	0	0	0	0	0	0	0	0	// Bloodangel Lancer Pants
64	422	422	1	509	500000	0	0	4220	0	0	0	0	0	0	0	0	0	4220	0	0	0	0	0	0	0	0	0	// Bloodangel Rune Mage Pants
64	423	423	1	509	500000	0	0	4230	0	0	0	0	0	0	0	0	0	4230	0	0	0	0	0	0	0	0	0	// Bloodangel Elf Pants
64	424	424	1	509	500000	0	0	4240	0	0	0	0	0	0	0	0	0	4240	0	0	0	0	0	0	0	0	0	// Bloodangel Magic Pants
64	425	425	1	509	500000	0	0	4250	0	0	0	0	0	0	0	0	0	4250	0	0	0	0	0	0	0	0	0	// Bloodangel Slayer Pants
64	426	426	1	509	500000	0	0	4260	0	0	0	0	0	0	0	0	0	4260	0	0	0	0	0	0	0	0	0	// Blood Angel Knight Pants (Conviction)
64	427	427	1	509	500000	0	0	4270	0	0	0	0	0	0	0	0	0	4270	0	0	0	0	0	0	0	0	0	// Blood Angel Gun Crusher Pants
64	428	428	1	509	500000	0	0	4280	0	0	0	0	0	0	0	0	0	4280	0	0	0	0	0	0	0	0	0	// Blood Angel White Wizard Pants
64	429	429	1	509	500000	0	0	4290	0	0	0	0	0	0	0	0	0	4290	0	0	0	0	0	0	0	0	0	// Blood Angel Mage Pants
64	430	430	1	509	500000	0	0	4300	0	0	0	0	0	0	0	0	0	4300	0	0	0	0	0	0	0	0	0	// Bloodangel Illusion Knight Pants
65	431	431	1	509	500000	0	0	4310	0	0	0	0	0	0	0	0	0	4310	0	0	0	0	0	0	0	0	0	// Bloodangel Knight Gloves
65	432	432	1	509	500000	0	0	4320	0	0	0	0	0	0	0	0	0	4320	0	0	0	0	0	0	0	0	0	// Bloodangel Wizard Gloves
65	433	433	1	509	500000	0	0	4330	0	0	0	0	0	0	0	0	0	4330	0	0	0	0	0	0	0	0	0	// Bloodangel Elf Gloves
65	451	451	1	509	500000	0	0	4510	0	0	0	0	0	0	0	0	0	4510	0	0	0	0	0	0	0	0	0	// Bloodangel Summoner Gloves
65	452	452	1	509	500000	0	0	4520	0	0	0	0	0	0	0	0	0	4520	0	0	0	0	0	0	0	0	0	// Bloodangel Magic Gloves
65	453	453	1	509	500000	0	0	4530	0	0	0	0	0	0	0	0	0	4530	0	0	0	0	0	0	0	0	0	// Bloodangel Lord Gloves
65	454	454	1	509	500000	0	0	4540	0	0	0	0	0	0	0	0	0	4540	0	0	0	0	0	0	0	0	0	// Bloodangel Lancer Gloves
65	455	455	1	509	500000	0	0	4550	0	0	0	0	0	0	0	0	0	4550	0	0	0	0	0	0	0	0	0	// Bloodangel Rune Mage Gloves
65	456	456	1	509	500000	0	0	4560	0	0	0	0	0	0	0	0	0	4560	0	0	0	0	0	0	0	0	0	// Bloodangel Elf Gloves
65	457	457	1	509	500000	0	0	4570	0	0	0	0	0	0	0	0	0	4570	0	0	0	0	0	0	0	0	0	// Bloodangel Magic Gloves
65	458	458	1	509	500000	0	0	4580	0	0	0	0	0	0	0	0	0	4580	0	0	0	0	0	0	0	0	0	// Bloodangel Slayer Gloves
65	459	459	1	509	500000	0	0	4590	0	0	0	0	0	0	0	0	0	4590	0	0	0	0	0	0	0	0	0	// Blood Angel Knight Gloves (Conviction)
65	460	460	1	509	500000	0	0	4600	0	0	0	0	0	0	0	0	0	4600	0	0	0	0	0	0	0	0	0	// Blood Angel Gun Crusher Gloves
65	461	461	1	509	500000	0	0	4610	0	0	0	0	0	0	0	0	0	4610	0	0	0	0	0	0	0	0	0	// Blood Angel White Wizard Gloves
65	462	462	1	509	500000	0	0	4620	0	0	0	0	0	0	0	0	0	4620	0	0	0	0	0	0	0	0	0	// Blood Angel Mage Gloves
65	463	463	1	509	500000	0	0	4630	0	0	0	0	0	0	0	0	0	4630	0	0	0	0	0	0	0	0	0	// Bloodangel Illusion Knight Gloves
66	464	464	1	509	500000	0	0	4640	0	0	0	0	0	0	0	0	0	4640	0	0	0	0	0	0	0	0	0	// Bloodangel Knight Boots
66	465	465	1	509	500000	0	0	4650	0	0	0	0	0	0	0	0	0	4650	0	0	0	0	0	0	0	0	0	// Bloodangel Wizard Boots
66	466	466	1	509	500000	0	0	4660	0	0	0	0	0	0	0	0	0	4660	0	0	0	0	0	0	0	0	0	// Bloodangel Elf Boots
66	467	467	1	509	500000	0	0	4670	0	0	0	0	0	0	0	0	0	4670	0	0	0	0	0	0	0	0	0	// Bloodangel Summoner Boots
66	468	468	1	509	500000	0	0	4680	0	0	0	0	0	0	0	0	0	4680	0	0	0	0	0	0	0	0	0	// Bloodangel Magic Boots
66	469	469	1	509	500000	0	0	4690	0	0	0	0	0	0	0	0	0	4690	0	0	0	0	0	0	0	0	0	// Bloodangel Lord Boots
66	470	470	1	509	500000	0	0	4700	0	0	0	0	0	0	0	0	0	4700	0	0	0	0	0	0	0	0	0	// Bloodangel Fighter Boots
66	471	471	1	509	500000	0	0	4710	0	0	0	0	0	0	0	0	0	4710	0	0	0	0	0	0	0	0	0	// Bloodangel Lancer Boots
66	472	472	1	509	500000	0	0	4720	0	0	0	0	0	0	0	0	0	4720	0	0	0	0	0	0	0	0	0	// Bloodangel Rune Mage Boots
66	473	473	1	509	500000	0	0	4730	0	0	0	0	0	0	0	0	0	4730	0	0	0	0	0	0	0	0	0	// Bloodangel Elf Boots
66	474	474	1	509	500000	0	0	4740	0	0	0	0	0	0	0	0	0	4740	0	0	0	0	0	0	0	0	0	// Bloodangel Magic Boots
66	475	475	1	509	500000	0	0	4750	0	0	0	0	0	0	0	0	0	4750	0	0	0	0	0	0	0	0	0	// Bloodangel Slayer Boots
66	476	476	1	509	500000	0	0	4760	0	0	0	0	0	0	0	0	0	4760	0	0	0	0	0	0	0	0	0	// Blood Angel Knight Boots (Conviction)
66	477	477	1	509	500000	0	0	4770	0	0	0	0	0	0	0	0	0	4770	0	0	0	0	0	0	0	0	0	// Blood Angel Gun Crasher Boots
66	478	478	1	509	500000	0	0	4780	0	0	0	0	0	0	0	0	0	4780	0	0	0	0	0	0	0	0	0	// Blood Angel White Wizard Boots
66	479	479	1	509	500000	0	0	4790	0	0	0	0	0	0	0	0	0	4790	0	0	0	0	0	0	0	0	0	// Blood Angel Mage Boots
66	480	480	1	509	500000	0	0	4800	0	0	0	0	0	0	0	0	0	4800	0	0	0	0	0	0	0	0	0	// Bloodangel Illusion Knight Boots
end
