//|================================================================|
//| CashShop Editor - Season 18     [GM]KING                       |
//|================================================================|
//ID	Number	Value	Item	Level	Skill	Luck	Option	ExOpt	AncOp	JOH	Oexe	Socket1	Socket2	Socket3	Socket4	Socket5	Qtd	Duration	Comment
1000	1000	100	7264	0	0	0	0	0	0	0	0	255	255	255	255	255	0	0	// Talisman of Chaos Assembly (1 UN)
1010	1010	100	7330	0	0	0	0	0	0	0	0	255	255	255	255	255	0	0	// Magic Backpack (1 UN)
1020	1020	500	7331	0	0	0	0	0	0	0	0	255	255	255	255	255	0	0	// Vault Expansion Certificate (1 UN)
1030	1030	500	10362	0	0	0	0	0	0	0	0	255	255	255	255	255	0	0	// MU Pass EXP Ticket (1 UN)
1040	1040	500	10363	0	0	0	0	0	0	0	0	255	255	255	255	255	0	0	// Gold Pass Ticket (1 UN)
1050	1050	500	10364	0	0	0	0	0	0	0	0	255	255	255	255	255	0	0	// Premium Pass Ticket (1 UN)
1060	1060	100	6822	0	0	0	0	0	0	0	0	255	255	255	255	255	0	0	// Brown Panda Transformation Ring (1 UN)
1070	1070	100	6821	0	0	0	0	0	0	0	0	255	255	255	255	255	0	0	// Great Heavenly Mage Ring (1 UN)
1080	1080	100	6924	0	0	0	0	0	0	0	0	255	255	255	255	255	0	0	// Dark Transformation Ring (1 UN)
1090	1090	500	6661	0	0	0	0	0	0	0	0	255	255	255	255	255	0	0	// Dark Raven (1 UN)
1100	1100	500	6660	0	0	0	0	0	0	0	0	255	255	255	255	255	0	0	// Dark Horse (1 UN)
1110	1110	5000	6693	0	0	0	0	0	0	0	0	255	255	255	255	255	0	0	// Horn of Fenrir (1 UN)
1120	1120	500	6699	0	0	0	0	0	0	0	0	255	255	255	255	255	0	0	// Seal of Ascension (1 UN)
1130	1130	500	6700	0	0	0	0	0	0	0	0	255	255	255	255	255	0	0	// Seal of Wealth (1 UN)
1140	1140	500	6701	0	0	0	0	0	0	0	0	255	255	255	255	255	0	0	// Seal of Sustenance (1 UN)
1150	1150	200	6702	0	0	0	0	0	0	0	0	255	255	255	255	255	0	0	// Devil Square Ticket (1 UN)
1160	1160	200	6703	0	0	0	0	0	0	0	0	255	255	255	255	255	0	0	// Blood Castle Ticket (1 UN)
1170	1170	200	6717	0	0	0	0	0	0	0	0	255	255	255	255	255	0	0	// Illusion Temple Ticket (1 UN)
1180	1180	500	6718	0	0	0	0	0	0	0	0	255	255	255	255	255	0	0	// Seal of Healing (1 UN)
1190	1190	500	6719	0	0	0	0	0	0	0	0	255	255	255	255	255	0	0	// Seal of Divinity (1 UN)
1200	1200	50	6720	0	0	0	0	0	0	0	0	255	255	255	255	255	0	604800	// Demon (7 Days)
1210	1210	50	6721	0	0	0	0	0	0	0	0	255	255	255	255	255	0	604800	// Spirit of Guardian (7 Days)
1220	1220	100	6725	0	0	0	0	0	0	0	0	255	255	255	255	255	0	604800	// Talisman of Resurrection (7 Days)
1230	1230	100	6726	0	0	0	0	0	0	0	0	255	255	255	255	255	0	604800	// Talisman of Mobility (7 Days)
1240	1240	50	6736	0	0	0	0	0	0	0	0	255	255	255	255	255	0	604800	// Pet Panda (7 Days)
1250	1250	100	6732	0	0	0	0	0	0	0	0	255	255	255	255	255	0	604800	// Panda Ring (7 Days)
1260	1260	50	7221	0	0	0	0	0	0	0	0	255	255	255	255	255	0	0	// Talisman of Luck (1 UN)
1270	1270	20	7277	0	0	0	0	0	0	0	0	255	255	255	255	255	0	0	// Complete Secromicon (1 UN)
1280	1280	20	7279	0	0	0	0	0	0	0	0	255	255	255	255	255	0	0	// Mirror of Dimensions (1 UN)
1290	1290	100	9731	0	0	0	0	0	0	0	0	255	255	255	255	255	0	0	// Premium Muun Box (1 UN)
1300	1300	100	6772	0	0	0	0	0	0	0	0	255	255	255	255	255	0	604800	// Seal of Wealth (7 Days)
1310	1310	200	6777	0	0	0	0	0	0	0	0	255	255	255	255	255	0	0	// Open Access Ticket to Chaos Ca (1 UN)
1320	1320	100	6778	0	0	0	0	0	0	0	0	255	255	255	255	255	0	604800	// Skeleton Transformation Ring (7 Days)
1330	1330	50	6779	0	0	0	0	0	0	0	0	255	255	255	255	255	0	604800	// Pet Skeleton (7 Days)
1340	1340	500	6816	0	0	0	0	0	0	0	0	255	255	255	255	255	0	0	// Protection Talisman (1 UN)
1350	1350	100	10240	0	0	0	0	0	0	0	0	255	255	255	255	255	0	0	// Flag of the Dark Wizard (1 UN)
1360	1360	100	6819	0	0	0	0	0	0	0	0	255	255	255	255	255	0	604800	// Robot Knight Ring (7 Days)
1370	1370	100	6820	0	0	0	0	0	0	0	0	255	255	255	255	255	0	604800	// Mini Robot Ring (7 Days)
1380	1380	100	10241	0	0	0	0	0	0	0	0	255	255	255	255	255	0	0	// Flag of the Dark Knight (1 UN)
1390	1390	100	10242	0	0	0	0	0	0	0	0	255	255	255	255	255	0	0	// Flag of the Elf (1 UN)
1400	1400	500	6833	0	0	0	0	0	0	0	0	255	255	255	255	255	0	604800	// Talisman of Ascension I (7 Days)
1410	1410	1500	6834	0	0	0	0	0	0	0	0	255	255	255	255	255	0	604800	// Talisman of Ascension II (7 Days)
1420	1420	2500	6835	0	0	0	0	0	0	0	0	255	255	255	255	255	0	604800	// Talisman of Ascension III (7 Days)
1430	1430	100	10243	0	0	0	0	0	0	0	0	255	255	255	255	255	0	0	// Flag of the Summoner (1 UN)
1440	1440	100	10244	0	0	0	0	0	0	0	0	255	255	255	255	255	0	0	// Flag of the Rage Fighter (1 UN)
1450	1450	100	6867	0	0	0	0	0	0	0	0	255	255	255	255	255	0	0	// Evolution Stone (1 UN)
1460	1460	100	10245	0	0	0	0	0	0	0	0	255	255	255	255	255	0	0	// Flag of the Magic Gladiator (1 UN)
1470	1470	100	10246	0	0	0	0	0	0	0	0	255	255	255	255	255	0	0	// Flag of the Dark Lord (1 UN)
1480	1480	100	10247	0	0	0	0	0	0	0	0	255	255	255	255	255	0	0	// Flag of the Glow Lancer (1 UN)
1490	1490	100	10248	0	0	0	0	0	0	0	0	255	255	255	255	255	0	0	// Flag of the Rune Mage (1 UN)
1500	1500	100	10249	0	0	0	0	0	0	0	0	255	255	255	255	255	0	0	// Flag of the Slayer (1 UN)
1510	1510	100	10250	0	0	0	0	0	0	0	0	255	255	255	255	255	0	0	// Flag of the Gun Crusher (1 UN)
1520	1520	100	10251	0	0	0	0	0	0	0	0	255	255	255	255	255	0	0	// Flag of the Kundum (1 UN)
1530	1530	100	10252	0	0	0	0	0	0	0	0	255	255	255	255	255	0	0	// Flag of the Lemuria (1 UN)
1540	1540	100	10253	0	0	0	0	0	0	0	0	255	255	255	255	255	0	0	// Flag of the Illusion Knight (1 UN)
1550	1550	500000	2076	15	1	1	0	63	0	0	0	254	254	254	254	254	0	0	// Bloodangel Bow (1 UN)
1560	1560	100	10255	0	0	0	0	0	0	0	0	255	255	255	255	255	0	0	// Korean Flag (1 UN)
1570	1570	100	10256	0	0	0	0	0	0	0	0	255	255	255	255	255	0	0	// Japanese Flag (1 UN)
1580	1580	100	10257	0	0	0	0	0	0	0	0	255	255	255	255	255	0	0	// Chinese Flag (1 UN)
1590	1590	100	10258	0	0	0	0	0	0	0	0	255	255	255	255	255	0	0	// Taiwanese Flag (1 UN)
1600	1600	100	10259	0	0	0	0	0	0	0	0	255	255	255	255	255	0	0	// Thai Flag (1 UN)
1610	1610	100	10260	0	0	0	0	0	0	0	0	255	255	255	255	255	0	0	// Indonesian Flag (1 UN)
1620	1620	100	10261	0	0	0	0	0	0	0	0	255	255	255	255	255	0	0	// Philippine Flag (1 UN)
1630	1630	100	10262	0	0	0	0	0	0	0	0	255	255	255	255	255	0	0	// Vietnamese Flag (1 UN)
1640	1640	100	10263	0	0	0	0	0	0	0	0	255	255	255	255	255	0	0	// Malaysian Flag (1 UN)
1650	1650	100	10264	0	0	0	0	0	0	0	0	255	255	255	255	255	0	0	// Singaporean Flag (1 UN)
1660	1660	100	10265	0	0	0	0	0	0	0	0	255	255	255	255	255	0	0	// Indian Flag (1 UN)
1670	1670	100	10266	0	0	0	0	0	0	0	0	255	255	255	255	255	0	0	// European Alliance Flag (1 UN)
1680	1680	100	10267	0	0	0	0	0	0	0	0	255	255	255	255	255	0	0	// American Flag (1 UN)
1690	1690	100	10268	0	0	0	0	0	0	0	0	255	255	255	255	255	0	0	// Canadian Flag (1 UN)
1700	1700	100	10269	0	0	0	0	0	0	0	0	255	255	255	255	255	0	0	// English Flag (1 UN)
1710	1710	100	10270	0	0	0	0	0	0	0	0	255	255	255	255	255	0	0	// French Flag (1 UN)
1720	1720	100	10271	0	0	0	0	0	0	0	0	255	255	255	255	255	0	0	// German Flag (1 UN)
1730	1730	100	10272	0	0	0	0	0	0	0	0	255	255	255	255	255	0	0	// Russian Flag (1 UN)
1740	1740	100	10273	0	0	0	0	0	0	0	0	255	255	255	255	255	0	0	// Portuguese Flag (1 UN)
1750	1750	100	10274	0	0	0	0	0	0	0	0	255	255	255	255	255	0	0	// Spanish Flag (1 UN)
1760	1760	100	10275	0	0	0	0	0	0	0	0	255	255	255	255	255	0	0	// Brazilian Flag (1 UN)
1770	1770	100	10276	0	0	0	0	0	0	0	0	255	255	255	255	255	0	0	// Argentinian Flag (1 UN)
1780	1780	100	10277	0	0	0	0	0	0	0	0	255	255	255	255	255	0	0	// Mexican Flag (1 UN)
1790	1790	100	10278	0	0	0	0	0	0	0	0	255	255	255	255	255	0	0	// Greek Flag (1 UN)
1800	1800	20	7181	0	0	0	0	0	0	0	0	255	255	255	255	255	0	0	// Jewel of Bless (10 UN)
1810	1810	5	7182	0	0	0	0	0	0	0	0	255	255	255	255	255	0	0	// Jewel of Soul (1 UN)
1820	1820	5	7184	0	0	0	0	0	0	0	0	255	255	255	255	255	0	0	// Jewel of Life (1 UN)
1830	1830	10	7190	0	0	0	0	0	0	0	0	255	255	255	255	255	0	0	// Jewel of Creation (1 UN)
1840	1840	15	7199	0	0	0	0	0	0	0	0	255	255	255	255	255	0	0	// Jewel of Guardian (1 UN)
1850	1850	5	7209	0	0	0	0	0	0	0	0	255	255	255	255	255	0	0	// Gemstone (1 UN)
1860	1860	15	7210	0	0	0	0	0	0	0	0	255	255	255	255	255	0	0	// Jewel of Harmony (1 UN)
1870	1870	5	7211	0	0	0	0	0	0	0	0	255	255	255	255	255	0	0	// Lower refining stone (1 UN)
1880	1880	15	7212	0	0	0	0	0	0	0	0	255	255	255	255	255	0	0	// Higher refining stone (1 UN)
1890	1890	5	6159	0	0	0	0	0	0	0	0	255	255	255	255	255	0	0	// Jewel of Chaos (1 UN)
1900	1900	500	6300	9	1	1	7	31	0	0	0	255	255	255	255	255	0	604800	// Innocent Cloak (7 Days)
1910	1910	500	6318	9	1	1	7	31	0	0	0	255	255	255	255	255	0	604800	// Black Cloak (7 Days)
1920	1920	500	6413	9	1	1	7	31	0	0	0	255	255	255	255	255	0	604800	// Cloak of Limit (7 Days)
1930	1930	2000	6180	15	1	1	7	31	0	0	0	255	255	255	255	255	0	604800	// Wing of Storm (7 Days)
1940	1940	2000	6181	15	1	1	7	31	0	0	0	255	255	255	255	255	0	604800	// Wing of Eternal (7 Days)
1950	1950	2000	6182	15	1	1	7	31	0	0	0	255	255	255	255	255	0	604800	// Wing of Illusion (7 Days)
1960	1960	2000	6183	15	1	1	7	31	0	0	0	255	255	255	255	255	0	604800	// Wing of Ruin (7 Days)
1970	1970	2000	6184	15	1	1	7	31	0	0	0	255	255	255	255	255	0	604800	// Cape of Emperor (7 Days)
1980	1980	2000	6187	15	1	1	7	31	0	0	0	255	255	255	255	255	0	604800	// Wing of Dimension (7 Days)
1990	1990	2000	6194	15	1	1	7	31	0	0	0	255	255	255	255	255	0	604800	// Cape of Overrule (7 Days)
2000	2000	2000	6302	15	1	1	7	31	0	0	0	255	255	255	255	255	0	604800	// Cloak of Brilliance (7 Days)
2010	2010	2000	6320	15	1	1	7	31	0	0	0	255	255	255	255	255	0	604800	// Desperate Cloak (7 Days)
2020	2020	2000	6611	15	1	1	7	31	0	0	0	255	255	255	255	255	0	604800	// Wings of Disillusion (7 Days)
2030	2030	2000	6616	15	1	1	7	31	0	0	0	255	255	255	255	255	0	604800	// Wings of Silence (7 Days)
2040	2040	2000	6633	15	1	1	7	31	0	0	0	255	255	255	255	255	0	604800	// Wings of Hit (7 Days)
2050	2050	1000	6406	15	1	1	7	31	0	0	0	255	255	255	255	255	0	604800	// Cloak of Death (7 Days)
2060	2060	1000	6407	15	1	1	7	31	0	0	0	255	255	255	255	255	0	604800	// Wings of Chaos (7 Days)
2070	2070	1000	6408	15	1	1	7	31	0	0	0	255	255	255	255	255	0	604800	// Wings of Magic (7 Days)
2080	2080	1000	6409	15	1	1	7	31	0	0	0	255	255	255	255	255	0	604800	// Wings of Life (7 Days)
2090	2090	5000	6296	15	1	1	7	31	0	0	0	255	255	255	255	255	0	604800	// Flame Wings (7 Days)
2100	2100	5000	6304	15	1	1	7	31	0	0	0	255	255	255	255	255	0	604800	// Cloak of Luminosity (7 Days)
2110	2110	5000	6322	15	1	1	7	31	0	0	0	255	255	255	255	255	0	604800	// Cloak of Hatred (7 Days)
2120	2120	5000	6558	15	1	1	7	31	0	0	0	255	255	255	255	255	0	604800	// Wings of Elysium (7 Days)
2130	2130	5000	6559	15	1	1	7	31	0	0	0	255	255	255	255	255	0	604800	// Wings of Flame God (7 Days)
2140	2140	5000	6560	15	1	1	7	31	0	0	0	255	255	255	255	255	0	604800	// Wing of Celestial Body (7 Days)
2150	2150	5000	6561	15	1	1	7	31	0	0	0	255	255	255	255	255	0	604800	// Wings of Annihilation (7 Days)
2160	2160	5000	6562	15	1	1	7	31	0	0	0	255	255	255	255	255	0	604800	// Cloak of Dominator (7 Days)
2170	2170	5000	6563	15	1	1	7	31	0	0	0	255	255	255	255	255	0	604800	// Wings of Other World (7 Days)
2180	2180	5000	6564	15	1	1	7	31	0	0	0	255	255	255	255	255	0	604800	// Cloak of Judgment (7 Days)
2190	2190	5000	6565	15	1	1	7	31	0	0	0	255	255	255	255	255	0	604800	// Cloak of Isolation (7 Days)
2200	2200	5000	6613	15	1	1	7	31	0	0	0	255	255	255	255	255	0	604800	// Wings of Destiny (7 Days)
2210	2210	5000	6618	15	1	1	7	31	0	0	0	255	255	255	255	255	0	604800	// Wings of Conviction (7 Days)
2220	2220	3000	6410	15	1	1	7	31	0	0	0	255	255	255	255	255	0	604800	// Wings of Conqueror (7 Days)
2230	2230	3000	6411	15	1	1	7	31	0	0	0	255	255	255	255	255	0	604800	// Wings of Angel and Devil (7 Days)
2240	2240	3000	6412	15	1	1	7	31	0	0	0	255	255	255	255	255	0	604800	// Wings of Conqueror (7 Days)
2250	2250	500000	4194	15	1	1	0	63	0	0	0	254	254	254	254	254	0	0	// Bloodangel Knight Armor (1 UN)
2260	2260	500000	42	15	1	1	0	63	0	0	0	255	255	255	255	255	0	0	// Bloodangel Sword (1 UN)
2270	2270	500000	44	15	1	1	0	63	0	0	0	255	255	255	255	255	0	0	// Bloodangel Magic Sword (1 UN)
2280	2280	500000	46	15	1	1	0	63	0	0	0	255	255	255	255	255	0	0	// Bloodangel Claws (1 UN)
2290	2290	500000	71	15	1	1	0	63	0	0	0	255	255	255	255	255	0	0	// Bloodangel Short Sword (1 UN)
2300	2300	500000	89	15	1	1	0	63	0	0	0	255	255	255	255	255	0	0	// Bloodangel Magic Sword (1 UN)
2310	2310	500000	105	15	1	1	0	63	0	0	0	255	255	255	255	255	0	0	// Bloodangel Blade (1 UN)
2320	2320	100	7385	0	0	0	0	0	0	0	0	255	255	255	255	255	0	0	// Titan's Anger (1 UN)
2330	2330	200	7386	0	0	0	0	0	0	0	0	255	255	255	255	255	0	0	// Tantalose's Punishment (1 UN)
2340	2340	500	7387	0	0	0	0	0	0	0	0	255	255	255	255	255	0	0	// Erohim's Nightmare (1 UN)
2350	2350	1000	7388	0	0	0	0	0	0	0	0	255	255	255	255	255	0	0	// Hell Maine's Insanity (1 UN)
2360	2360	2000	7389	0	0	0	0	0	0	0	0	255	255	255	255	255	0	0	// Kundun's Greed (1 UN)
2370	2370	50	7402	0	0	0	0	0	0	0	0	255	255	255	255	255	0	0	// Monster Summoning Scroll (1 UN)
2380	2380	50	7412	0	0	0	0	0	0	0	0	255	255	255	255	255	0	0	// Evomon Summoning Scroll (1 UN)
2390	2390	500	7673	0	0	0	0	0	0	0	0	255	255	255	255	255	0	0	// Shining Errtel Capsule [Fire] (1 UN)
2400	2400	500	7674	0	0	0	0	0	0	0	0	255	255	255	255	255	0	0	// Shining Errtel Capsule [Water] (1 UN)
2410	2410	500	6148	9	1	1	7	31	0	0	0	255	255	255	255	255	0	604800	// Wings of Soul (7 Days)
2420	2420	500	6149	9	1	1	7	31	0	0	0	255	255	255	255	255	0	604800	// Wings of Dragon (7 Days)
2430	2430	500	6147	9	1	1	7	31	0	0	0	255	255	255	255	255	0	604800	// Wings of Spirits (7 Days)
2440	2440	500	6150	9	1	1	7	31	0	0	0	255	255	255	255	255	0	604800	// Wings of Darkness (7 Days)
2450	2450	500	6186	9	1	1	7	31	0	0	0	255	255	255	255	255	0	604800	// Wing of Despair (7 Days)
2460	2460	500	6193	9	1	1	7	31	0	0	0	255	255	255	255	255	0	604800	// Cape of Fighter (7 Days)
2470	2470	100	7581	0	0	0	0	0	0	0	0	255	255	255	255	255	0	0	// Coin of Miracle (10 UN)
2480	2480	500	7675	0	0	0	0	0	0	0	0	255	255	255	255	255	0	0	// Shining Errtel Capsule [Earth] (1 UN)
2490	2490	500	7676	0	0	0	0	0	0	0	0	255	255	255	255	255	0	0	// Shining Errtel Capsule [Wind] (1 UN)
2500	2500	500	7677	0	0	0	0	0	0	0	0	255	255	255	255	255	0	0	// Shining Errtel Capsule [Darkness] (1 UN)
2510	2510	5000	10312	0	0	0	0	0	0	0	0	255	255	255	255	255	0	0	// Bloodangel Helm Box (1 UN)
2520	2520	5000	10313	0	0	0	0	0	0	0	0	255	255	255	255	255	0	0	// Bloodangel Armor Box (1 UN)
2530	2530	5000	10314	0	0	0	0	0	0	0	0	255	255	255	255	255	0	0	// Bloodangel Pants Box (1 UN)
2540	2540	5000	10315	0	0	0	0	0	0	0	0	255	255	255	255	255	0	0	// Bloodangel Gloves-Boots Box (1 UN)
2550	2550	5000	10316	0	0	0	0	0	0	0	0	255	255	255	255	255	0	0	// Bloodangel Weapon Box (1 UN)
2560	2560	1000	8193	0	0	0	0	0	0	0	0	255	255	255	255	255	0	0	// Pinocchio (Evolved) (1 UN)
2570	2570	1000	8195	0	0	0	0	0	0	0	0	255	255	255	255	255	0	0	// Geppetto (Evolved) (1 UN)
2580	2580	1000	8197	0	0	0	0	0	0	0	0	255	255	255	255	255	0	0	// Blue Fairy (Evolved) (1 UN)
2590	2590	1000	8199	0	0	0	0	0	0	0	0	255	255	255	255	255	0	0	// Papa Bear (Evolved) (1 UN)
2600	2600	1000	8201	0	0	0	0	0	0	0	0	255	255	255	255	255	0	0	// Baby Bear (Evolved) (1 UN)
2610	2610	1000	8203	0	0	0	0	0	0	0	0	255	255	255	255	255	0	0	// Mama Bear (Evolved) (1 UN)
2620	2620	1000	8205	0	0	0	0	0	0	0	0	255	255	255	255	255	0	0	// Woody (Evolved) (1 UN)
2630	2630	1000	8207	0	0	0	0	0	0	0	0	255	255	255	255	255	0	0	// Treasure Chest (Evolved) (1 UN)
2640	2640	1000	8209	0	0	0	0	0	0	0	0	255	255	255	255	255	0	0	// Treasure Hunter (Evolved) (1 UN)
2650	2650	1000	8211	0	0	0	0	0	0	0	0	255	255	255	255	255	0	0	// Tree Elf (Evolved) (1 UN)
2660	2660	1000	8213	0	0	0	0	0	0	0	0	255	255	255	255	255	0	0	// Grass Fairy (Evolved) (1 UN)
2670	2670	1000	8215	0	0	0	0	0	0	0	0	255	255	255	255	255	0	0	// Leaf Mage (Evolved) (1 UN)
2680	2680	1000	8217	0	0	0	0	0	0	0	0	255	255	255	255	255	0	0	// Samba Girl (Evolved) (1 UN)
2690	2690	1000	8219	0	0	0	0	0	0	0	0	255	255	255	255	255	0	0	// Rio (Evolved) (1 UN)
2700	2700	1000	8221	0	0	0	0	0	0	0	0	255	255	255	255	255	0	0	// Bateria (Evolved) (1 UN)
2710	2710	1000	8222	0	0	0	0	0	0	0	0	255	255	255	255	255	0	0	// Reporter (1 UN)
2720	2720	1000	8223	0	0	0	0	0	0	0	0	255	255	255	255	255	0	0	// Dragon Articles (1 UN)
2730	2730	1000	8225	0	0	0	0	0	0	0	0	255	255	255	255	255	0	0	// Tiger (Evolved) (1 UN)
2740	2740	1000	8227	0	0	0	0	0	0	0	0	255	255	255	255	255	0	0	// Libra (Evolved) (1 UN)
2750	2750	1000	8229	0	0	0	0	0	0	0	0	255	255	255	255	255	0	0	// Scorpio (Evolved) (1 UN)
2760	2760	1000	8231	0	0	0	0	0	0	0	0	255	255	255	255	255	0	0	// Rabbit (Evolved) (1 UN)
2770	2770	1000	8232	0	0	0	0	0	0	0	0	255	255	255	255	255	0	0	// Kaolin (1 UN)
2780	2780	1000	8234	0	0	0	0	0	0	0	0	255	255	255	255	255	0	0	// Chicken (Evolved) (1 UN)
2790	2790	1000	8236	0	0	0	0	0	0	0	0	255	255	255	255	255	0	0	// Rooster (Evolved) (1 UN)
2800	2800	1000	8238	0	0	0	0	0	0	0	0	255	255	255	255	255	0	0	// Angry Rooster (Evolved) (1 UN)
2810	2810	1000	8405	0	0	0	0	0	0	0	0	255	255	255	255	255	0	0	// Luki (Evolved) (1 UN)
2820	2820	1000	8407	0	0	0	0	0	0	0	0	255	255	255	255	255	0	0	// Tony (Evolved) (1 UN)
2830	2830	1000	8409	0	0	0	0	0	0	0	0	255	255	255	255	255	0	0	// Nymph (Evolved) (1 UN)
2840	2840	1000	8411	0	0	0	0	0	0	0	0	255	255	255	255	255	0	0	// Safi (Evolved) (1 UN)
2850	2850	1000	8416	0	0	0	0	0	0	0	0	255	255	255	255	255	0	0	// William (Evolved) (1 UN)
2860	2860	1000	8418	0	0	0	0	0	0	0	0	255	255	255	255	255	0	0	// Paul (Evolved) (1 UN)
2870	2870	1000	8420	0	0	0	0	0	0	0	0	255	255	255	255	255	0	0	// Chiron (Evolved) (1 UN)
2880	2880	1000	8422	0	0	0	0	0	0	0	0	255	255	255	255	255	0	0	// Wooparoo (Evolved) (1 UN)
2890	2890	1000	8424	0	0	0	0	0	0	0	0	255	255	255	255	255	0	0	// Tibetton (Evolved) (1 UN)
2900	2900	1000	8426	0	0	0	0	0	0	0	0	255	255	255	255	255	0	0	// Witch (Evolved) (1 UN)
2910	2910	1000	8428	0	0	0	0	0	0	0	0	255	255	255	255	255	0	0	// Skull (Evolved) (1 UN)
2920	2920	1000	8430	0	0	0	0	0	0	0	0	255	255	255	255	255	0	0	// Pumpkie (Evolved) (1 UN)
2930	2930	1000	8434	0	0	0	0	0	0	0	0	255	255	255	255	255	0	0	// Savath (Evolved) (1 UN)
2940	2940	1000	8436	0	0	0	0	0	0	0	0	255	255	255	255	255	0	0	// Lycan (Evolved) (1 UN)
2950	2950	1000	8438	0	0	0	0	0	0	0	0	255	255	255	255	255	0	0	// Torby (Evolved) (1 UN)
2960	2960	1000	8445	0	0	0	0	0	0	0	0	255	255	255	255	255	0	0	// Seiren (Evolved) (1 UN)
2970	2970	1000	8447	0	0	0	0	0	0	0	0	255	255	255	255	255	0	0	// Behemoth (Evolved) (1 UN)
2980	2980	1000	8449	0	0	0	0	0	0	0	0	255	255	255	255	255	0	0	// Loggle (Evolved) (1 UN)
2990	2990	1000	8451	0	0	0	0	0	0	0	0	255	255	255	255	255	0	0	// Mino (Evolved) (1 UN)
3000	3000	1000	8453	0	0	0	0	0	0	0	0	255	255	255	255	255	0	0	// Hound (Evolved) (1 UN)
3010	3010	1000	8455	0	0	0	0	0	0	0	0	255	255	255	255	255	0	0	// Trive (Evolved) (1 UN)
3020	3020	1000	8457	0	0	0	0	0	0	0	0	255	255	255	255	255	0	0	// Vogan (Evolved) (1 UN)
3030	3030	1000	8459	0	0	0	0	0	0	0	0	255	255	255	255	255	0	0	// Cyclop (Evolved) (1 UN)
3040	3040	1000	8463	0	0	0	0	0	0	0	0	255	255	255	255	255	0	0	// Bonf (Evolved) (1 UN)
3050	3050	1000	8465	0	0	0	0	0	0	0	0	255	255	255	255	255	0	0	// Hawk (Evolved) (1 UN)
3060	3060	1000	8467	0	0	0	0	0	0	0	0	255	255	255	255	255	0	0	// Muty (Evolved) (1 UN)
3070	3070	1000	8471	0	0	0	0	0	0	0	0	255	255	255	255	255	0	0	// Mantis (Evolved) (1 UN)
3080	3080	1000	8473	0	0	0	0	0	0	0	0	255	255	255	255	255	0	0	// Scolpy (Evolved) (1 UN)
3090	3090	1000	8475	0	0	0	0	0	0	0	0	255	255	255	255	255	0	0	// Chafer (Evolved) (1 UN)
3100	3100	1000	8483	0	0	0	0	0	0	0	0	255	255	255	255	255	0	0	// Cosplay Girl (Evolved) (1 UN)
3110	3110	1000	8485	0	0	0	0	0	0	0	0	255	255	255	255	255	0	0	// Cheer Girl (Evolved) (1 UN)
3120	3120	1000	8487	0	0	0	0	0	0	0	0	255	255	255	255	255	0	0	// Sporty Girl (Evolved) (1 UN)
3130	3130	1000	8489	0	0	0	0	0	0	0	0	255	255	255	255	255	0	0	// Baal (Evolved) (1 UN)
3140	3140	1000	8491	0	0	0	0	0	0	0	0	255	255	255	255	255	0	0	// Gaap (Evolved) (1 UN)
3150	3150	1000	8493	0	0	0	0	0	0	0	0	255	255	255	255	255	0	0	// Taaf (Evolved) (1 UN)
3160	3160	1000	8495	0	0	0	0	0	0	0	0	255	255	255	255	255	0	0	// Frozen (Evolved) (1 UN)
3170	3170	1000	8497	0	0	0	0	0	0	0	0	255	255	255	255	255	0	0	// Lure (Evolved) (1 UN)
3180	3180	1000	8499	0	0	0	0	0	0	0	0	255	255	255	255	255	0	0	// Fur Seal (Evolved) (1 UN)
3190	3190	1000	8501	0	0	0	0	0	0	0	0	255	255	255	255	255	0	0	// Lucky Rabbit (Evolved) (1 UN)
3200	3200	1000	8503	0	0	0	0	0	0	0	0	255	255	255	255	255	0	0	// Mooncake Rabbit (Evolved) (1 UN)
3210	3210	1000	8505	0	0	0	0	0	0	0	0	255	255	255	255	255	0	0	// Mortar Rabbit (Evolved) (1 UN)
3220	3220	1000	8507	0	0	0	0	0	0	0	0	255	255	255	255	255	0	0	// Tarius (Evolved) (1 UN)
3230	3230	1000	8509	0	0	0	0	0	0	0	0	255	255	255	255	255	0	0	// Rainer (Evolved) (1 UN)
3240	3240	1000	8511	0	0	0	0	0	0	0	0	255	255	255	255	255	0	0	// Alkamo (Evolved) (1 UN)
3250	3250	1000	8513	0	0	0	0	0	0	0	0	255	255	255	255	255	0	0	// Glacuse (Evolved) (1 UN)
3260	3260	1000	8515	0	0	0	0	0	0	0	0	255	255	255	255	255	0	0	// Kenturion (Evolved) (1 UN)
3270	3270	1000	8517	0	0	0	0	0	0	0	0	255	255	255	255	255	0	0	// Rocka (Evolved) (1 UN)
3280	3280	1000	8519	0	0	0	0	0	0	0	0	255	255	255	255	255	0	0	// Repen (Evolved) (1 UN)
3290	3290	1000	8521	0	0	0	0	0	0	0	0	255	255	255	255	255	0	0	// Pawn (Evolved) (1 UN)
3300	3300	1000	8523	0	0	0	0	0	0	0	0	255	255	255	255	255	0	0	// Griffs (Evolved) (1 UN)
3310	3310	1000	8525	0	0	0	0	0	0	0	0	255	255	255	255	255	0	0	// Polar Bear (Evolved) (1 UN)
3320	3320	1000	8527	0	0	0	0	0	0	0	0	255	255	255	255	255	0	0	// Present (Evolved) (1 UN)
3330	3330	1000	8529	0	0	0	0	0	0	0	0	255	255	255	255	255	0	0	// Rocking Horse (Evolved) (1 UN)
3340	3340	1000	8531	0	0	0	0	0	0	0	0	255	255	255	255	255	0	0	// Aries (Evolved) (1 UN)
3350	3350	1000	8533	0	0	0	0	0	0	0	0	255	255	255	255	255	0	0	// Lester (Evolved) (1 UN)
3360	3360	1000	8535	0	0	0	0	0	0	0	0	255	255	255	255	255	0	0	// Merino (Evolved) (1 UN)
3370	3370	1000	8537	0	0	0	0	0	0	0	0	255	255	255	255	255	0	0	// Splinter (Evolved) (1 UN)
3380	3380	1000	8539	0	0	0	0	0	0	0	0	255	255	255	255	255	0	0	// Mutation (Evolved) (1 UN)
3390	3390	1000	8541	0	0	0	0	0	0	0	0	255	255	255	255	255	0	0	// Fighter (Evolved) (1 UN)
3400	3400	1000	8602	0	0	0	0	0	0	0	0	255	255	255	255	255	0	0	// Heywood (Evolved) (1 UN)
3410	3410	1000	8604	0	0	0	0	0	0	0	0	255	255	255	255	255	0	0	// Branch (Evolved) (1 UN)
3420	3420	1000	8606	0	0	0	0	0	0	0	0	255	255	255	255	255	0	0	// Hook (Evolved) (1 UN)
3430	3430	1000	8608	0	0	0	0	0	0	0	0	255	255	255	255	255	0	0	// Carnifle (Evolved) (1 UN)
3440	3440	1000	8610	0	0	0	0	0	0	0	0	255	255	255	255	255	0	0	// Mandora (Evolved) (1 UN)
3450	3450	1000	8612	0	0	0	0	0	0	0	0	255	255	255	255	255	0	0	// Treat (Evolved) (1 UN)
3460	3460	1000	8614	0	0	0	0	0	0	0	0	255	255	255	255	255	0	0	// Rose Spirit (Evolved) (1 UN)
3470	3470	1000	8616	0	0	0	0	0	0	0	0	255	255	255	255	255	0	0	// Freesia Spirit (Evolved) (1 UN)
3480	3480	1000	8618	0	0	0	0	0	0	0	0	255	255	255	255	255	0	0	// CherryBlossom Spirit(Evolved) (1 UN)
3490	3490	1000	8620	0	0	0	0	0	0	0	0	255	255	255	255	255	0	0	// Gigantes (Evolved) (1 UN)
3500	3500	1000	8622	0	0	0	0	0	0	0	0	255	255	255	255	255	0	0	// Mammoth (Evolved) (1 UN)
3510	3510	1000	8624	0	0	0	0	0	0	0	0	255	255	255	255	255	0	0	// Walker (Evolved) (1 UN)
3520	3520	1000	8626	0	0	0	0	0	0	0	0	255	255	255	255	255	0	0	// Surfing Girl (Evolved) (1 UN)
3530	3530	1000	8628	0	0	0	0	0	0	0	0	255	255	255	255	255	0	0	// Swim Tube Girl (Evolved) (1 UN)
3540	3540	1000	8630	0	0	0	0	0	0	0	0	255	255	255	255	255	0	0	// Snorkeling Girl (Evolved) (1 UN)
3550	3550	1000	8632	0	0	0	0	0	0	0	0	255	255	255	255	255	0	0	// Commander (Evolved) (1 UN)
3560	3560	1000	8634	0	0	0	0	0	0	0	0	255	255	255	255	255	0	0	// Lance Soldier (Evolved) (1 UN)
3570	3570	1000	8636	0	0	0	0	0	0	0	0	255	255	255	255	255	0	0	// Bow Soldier (Evolved) (1 UN)
3580	3580	1000	8638	0	0	0	0	0	0	0	0	255	255	255	255	255	0	0	// Hammer (Evolved) (1 UN)
3590	3590	1000	8640	0	0	0	0	0	0	0	0	255	255	255	255	255	0	0	// Refear (Evolved) (1 UN)
3600	3600	1000	8642	0	0	0	0	0	0	0	0	255	255	255	255	255	0	0	// Axer (Evolved) (1 UN)
3610	3610	1000	8644	0	0	0	0	0	0	0	0	255	255	255	255	255	0	0	// Pumpkin Girl (Evolved) (1 UN)
3620	3620	1000	8646	0	0	0	0	0	0	0	0	255	255	255	255	255	0	0	// Ghost (Evolved) (1 UN)
3630	3630	1000	8648	0	0	0	0	0	0	0	0	255	255	255	255	255	0	0	// Mummy Boy (Evolved) (1 UN)
3640	3640	1000	8650	0	0	0	0	0	0	0	0	255	255	255	255	255	0	0	// Chrysanthemum (Evolved) (1 UN)
3650	3650	1000	8650	0	0	0	0	0	0	0	0	255	255	255	255	255	0	0	// Chrysanthemum (Evolved) (1 UN)
3660	3660	1000	8652	0	0	0	0	0	0	0	0	255	255	255	255	255	0	0	// Maple (Evolved) (1 UN)
3670	3670	1000	8654	0	0	0	0	0	0	0	0	255	255	255	255	255	0	0	// Ginkgo (Evolved) (1 UN)
3680	3680	1000	8655	0	0	0	0	0	0	0	0	255	255	255	255	255	0	0	// Ghost (Evolved) (1 UN)
3690	3690	1000	8656	0	0	0	0	0	0	0	0	255	255	255	255	255	0	0	// Mummy Boy (Evolved) (1 UN)
3700	3700	1000	8673	0	0	0	0	0	0	0	0	255	255	255	255	255	0	0	// Toy Soldier (Evolved) (1 UN)
3710	3710	1000	8675	0	0	0	0	0	0	0	0	255	255	255	255	255	0	0	// Christmas Tree (Evolved) (1 UN)
3720	3720	1000	8677	0	0	0	0	0	0	0	0	255	255	255	255	255	0	0	// Snowman (Evolved) (1 UN)
3730	3730	1000	8679	0	0	0	0	0	0	0	0	255	255	255	255	255	0	0	// Busker Monkey (Evolved) (1 UN)
3740	3740	1000	8681	0	0	0	0	0	0	0	0	255	255	255	255	255	0	0	// DJ Monkey (Evolved) (1 UN)
3750	3750	1000	8683	0	0	0	0	0	0	0	0	255	255	255	255	255	0	0	// Space Monkey (Evolved) (1 UN)
3760	3760	1000	8685	0	0	0	0	0	0	0	0	255	255	255	255	255	0	0	// Little Cupid (Evolved) (1 UN)
3770	3770	1000	8687	0	0	0	0	0	0	0	0	255	255	255	255	255	0	0	// Chocolate Cookie (Evolved) (1 UN)
3780	3780	1000	8689	0	0	0	0	0	0	0	0	255	255	255	255	255	0	0	// Heart Girl (Evolved) (1 UN)
3790	3790	1000	8691	0	0	0	0	0	0	0	0	255	255	255	255	255	0	0	// Candy Girl (Evolved) (1 UN)
3800	3800	1000	8693	0	0	0	0	0	0	0	0	255	255	255	255	255	0	0	// Lollipop Mama (Evolved) (1 UN)
3810	3810	1000	8695	0	0	0	0	0	0	0	0	255	255	255	255	255	0	0	// Sweet Muscle Man (Evolved) (1 UN)
3820	3820	500000	3682	15	1	1	0	63	0	0	0	255	255	255	255	255	0	0	// Bloodangel Knight Helm (1 UN)
3830	3830	500000	3683	15	1	1	0	63	0	0	0	254	254	254	254	254	0	0	// Bloodangel Wizard Helm (1 UN)
3840	3840	500000	3684	15	1	1	0	63	0	0	0	254	254	254	254	254	0	0	// Bloodangel Elf Helm (1 UN)
3850	3850	500000	3685	15	1	1	0	63	0	0	0	254	254	254	254	254	0	0	// Bloodangel Summoner Helm (1 UN)
3860	3860	500000	3687	15	1	1	0	63	0	0	0	254	254	254	254	254	0	0	// Bloodangel Lord Helm (1 UN)
3870	3870	500000	3688	15	1	1	0	63	0	0	0	254	254	254	254	254	0	0	// Bloodangel Fighter Helm (1 UN)
3880	3880	500000	3689	15	1	1	0	63	0	0	0	254	254	254	254	254	0	0	// Bloodangel Lancer Helm (1 UN)
3890	3890	500000	3706	15	1	1	0	63	0	0	0	254	254	254	254	254	0	0	// Bloodangel Rune Mage Helm (1 UN)
3900	3900	500000	3742	15	1	1	0	63	0	0	0	254	254	254	254	254	0	0	// Bloodangel Elf Helm (1 UN)
3910	3910	500000	3764	15	1	1	0	63	0	0	0	254	254	254	254	254	0	0	// Bloodangel Slayer Helm (1 UN)
3920	3920	500000	3784	15	1	1	0	63	0	0	0	254	254	254	254	254	0	0	// Blood Angel Knight Helm (Conviction) (1 UN)
3930	3930	500000	3796	15	1	1	0	63	0	0	0	254	254	254	254	254	0	0	// Blood Angel Gun Crusher Helmet (1 UN)
3940	3940	500000	3825	15	1	1	0	63	0	0	0	254	254	254	254	254	0	0	// Blood Angel White Wizard Helmet (1 UN)
3950	3950	500000	3843	15	1	1	0	63	0	0	0	254	254	254	254	254	0	0	// Blood Angel Mage Helmet (1 UN)
3960	3960	500000	3890	15	1	1	0	63	0	0	0	254	254	254	254	254	0	0	// Bloodangel Illusion Knight Helm (1 UN)
3970	3970	500000	1046	15	1	1	0	63	0	0	0	255	255	255	255	255	0	0	// Bloodangel Scepter (1 UN)
3980	3980	500000	4195	15	1	1	0	63	0	0	0	254	254	254	254	254	0	0	// Bloodangel Wizard Armor (1 UN)
3990	3990	500000	4196	15	1	1	0	63	0	0	0	254	254	254	254	254	0	0	// Bloodangel Elf Armor (1 UN)
4000	4000	500000	4197	15	1	1	0	63	0	0	0	254	254	254	254	254	0	0	// Bloodangel Summoner Armor (1 UN)
4010	4010	500000	4198	15	1	1	0	63	0	0	0	254	254	254	254	254	0	0	// Bloodangel Magic Armor (1 UN)
4020	4020	500000	4199	15	1	1	0	63	0	0	0	254	254	254	254	254	0	0	// Bloodangel Lord Armor (1 UN)
4030	4030	500000	4200	15	1	1	0	63	0	0	0	254	254	254	254	254	0	0	// Bloodangel Fighter Armor (1 UN)
4040	4040	500000	4201	15	1	1	0	63	0	0	0	254	254	254	254	254	0	0	// Bloodangel Lancer Armor (1 UN)
4050	4050	500000	4218	15	1	1	0	63	0	0	0	254	254	254	254	254	0	0	// Bloodangel Rune Mage Armor (1 UN)
4060	4060	500000	4254	15	1	1	0	63	0	0	0	254	254	254	254	254	0	0	// Bloodangel Elf Armor (1 UN)
4070	4070	500000	4257	15	1	1	0	63	0	0	0	254	254	254	254	254	0	0	// Bloodangel Magic Armor (1 UN)
4080	4080	500000	4276	15	1	1	0	63	0	0	0	254	254	254	254	254	0	0	// Bloodangel Slayer Armor (1 UN)
4090	4090	500000	4296	15	1	1	0	63	0	0	0	254	254	254	254	254	0	0	// Blood Angel Knight Armor (Conviction) (1 UN)
4100	4100	500000	4308	15	1	1	0	63	0	0	0	254	254	254	254	254	0	0	// Blood Angel Gun Crusher Armor (1 UN)
4110	4110	500000	4337	15	1	1	0	63	0	0	0	254	254	254	254	254	0	0	// Blood Angel White Wizard Armor (1 UN)
4120	4120	500000	4355	15	1	1	0	63	0	0	0	254	254	254	254	254	0	0	// Blood Angel Mage Armor (1 UN)
4130	4130	500000	4402	15	1	1	0	63	0	0	0	254	254	254	254	254	0	0	// Bloodangel Illusion Knight Armor (1 UN)
4140	4140	500000	4706	15	1	1	0	63	0	0	0	254	254	254	254	254	0	0	// Bloodangel Knight Pants (1 UN)
4150	4150	500000	4707	15	1	1	0	63	0	0	0	254	254	254	254	254	0	0	// Bloodangel Wizard Pants (1 UN)
4160	4160	500000	4708	15	1	1	0	63	0	0	0	254	254	254	254	254	0	0	// Bloodangel Elf Pants (1 UN)
4170	4170	500000	4709	15	1	1	0	63	0	0	0	254	254	254	254	254	0	0	// Bloodangel Summoner Pants (1 UN)
4180	4180	500000	4710	15	1	1	0	63	0	0	0	254	254	254	254	254	0	0	// Bloodangel Magic Pants (1 UN)
4190	4190	500000	4711	15	1	1	0	63	0	0	0	254	254	254	254	254	0	0	// Bloodangel Lord Pants (1 UN)
4200	4200	500000	4712	15	1	1	0	63	0	0	0	254	254	254	254	254	0	0	// Bloodangel Fighter Pants (1 UN)
4210	4210	500000	4713	15	1	1	0	63	0	0	0	254	254	254	254	254	0	0	// Bloodangel Lancer Pants (1 UN)
4220	4220	500000	4730	15	1	1	0	63	0	0	0	254	254	254	254	254	0	0	// Bloodangel Rune Mage Pants (1 UN)
4230	4230	500000	4766	15	1	1	0	63	0	0	0	254	254	254	254	254	0	0	// Bloodangel Elf Pants (1 UN)
4240	4240	500000	4769	15	1	1	0	63	0	0	0	254	254	254	254	254	0	0	// Bloodangel Magic Pants (1 UN)
4250	4250	500000	4788	15	1	1	0	63	0	0	0	254	254	254	254	254	0	0	// Bloodangel Slayer Pants (1 UN)
4260	4260	500000	4808	15	1	1	0	63	0	0	0	254	254	254	254	254	0	0	// Blood Angel Knight Pants (Conviction) (1 UN)
4270	4270	500000	4820	15	1	1	0	63	0	0	0	254	254	254	254	254	0	0	// Blood Angel Gun Crusher Pants (1 UN)
4280	4280	500000	4849	15	1	1	0	63	0	0	0	254	254	254	254	254	0	0	// Blood Angel White Wizard Pants (1 UN)
4290	4290	500000	4867	15	1	1	0	63	0	0	0	254	254	254	254	254	0	0	// Blood Angel Mage Pants (1 UN)
4300	4300	500000	4914	15	1	1	0	63	0	0	0	254	254	254	254	254	0	0	// Bloodangel Illusion Knight Pants (1 UN)
4310	4310	500000	5218	15	1	1	0	63	0	0	0	254	254	254	254	254	0	0	// Bloodangel Knight Gloves (1 UN)
4320	4320	500000	5219	15	1	1	0	63	0	0	0	254	254	254	254	254	0	0	// Bloodangel Wizard Gloves (1 UN)
4330	4330	500000	5220	15	1	1	0	63	0	0	0	254	254	254	254	254	0	0	// Bloodangel Elf Gloves (1 UN)
4340	4340	500000	42	15	1	1	0	63	0	0	0	254	254	254	254	254	0	0	// Bloodangel Sword (1 UN)
4350	4350	500000	44	15	1	1	0	63	0	0	0	254	254	254	254	254	0	0	// Bloodangel Magic Sword (1 UN)
4360	4360	500000	46	15	1	1	0	63	0	0	0	254	254	254	254	254	0	0	// Bloodangel Claws (1 UN)
4370	4370	500000	71	15	1	1	0	63	0	0	0	254	254	254	254	254	0	0	// Bloodangel Short Sword (1 UN)
4380	4380	500000	89	15	1	1	0	63	0	0	0	254	254	254	254	254	0	0	// Bloodangel Magic Sword (1 UN)
4390	4390	500000	105	15	1	1	0	63	0	0	0	254	254	254	254	254	0	0	// Bloodangel Blade (1 UN)
4400	4400	500000	1046	15	1	1	0	63	0	0	0	254	254	254	254	254	0	0	// Bloodangel Scepter (1 UN)
4410	4410	500000	1056	15	1	1	0	63	0	0	0	254	254	254	254	254	0	0	// Bloodangel Rune Mace (1 UN)
4420	4420	500000	1555	15	1	1	0	63	0	0	0	254	254	254	254	254	0	0	// Bloodangel Lance (1 UN)
4430	4430	500000	1056	15	1	1	0	63	0	0	0	255	255	255	255	255	0	0	// Bloodangel Rune Mace (1 UN)
4440	4440	500000	2082	15	1	1	0	63	0	0	0	254	254	254	254	254	0	0	// Bloodangel Quiver (1 UN)
4450	4450	500000	2096	15	1	1	0	63	0	0	0	254	254	254	254	254	0	0	// Blood Angel Magic Gun (1 UN)
4460	4460	500000	2601	15	1	1	0	63	0	0	0	254	254	254	254	254	0	0	// Bloodangel Staff (1 UN)
4470	4470	500000	2603	15	1	1	0	63	0	0	0	254	254	254	254	254	0	0	// Bloodangel Stick (1 UN)
4480	4480	500000	2633	15	1	1	0	63	0	0	0	254	254	254	254	254	0	0	// Blood Angel Magic Book (1 UN)
4490	4490	500000	2646	15	1	1	0	63	0	0	0	254	254	254	254	254	0	0	// Blood Angel Orb (1 UN)
4500	4500	500000	3116	15	1	1	0	63	0	0	0	254	254	254	254	254	0	0	// Blood Angel Shield (1 UN)
4510	4510	500000	5221	15	1	1	0	63	0	0	0	254	254	254	254	254	0	0	// Bloodangel Summoner Gloves (1 UN)
4520	4520	500000	5222	15	1	1	0	63	0	0	0	254	254	254	254	254	0	0	// Bloodangel Magic Gloves (1 UN)
4530	4530	500000	5223	15	1	1	0	63	0	0	0	254	254	254	254	254	0	0	// Bloodangel Lord Gloves (1 UN)
4540	4540	500000	5225	15	1	1	0	63	0	0	0	254	254	254	254	254	0	0	// Bloodangel Lancer Gloves (1 UN)
4550	4550	500000	5242	15	1	1	0	63	0	0	0	254	254	254	254	254	0	0	// Bloodangel Rune Mage Gloves (1 UN)
4560	4560	500000	5278	15	1	1	0	63	0	0	0	254	254	254	254	254	0	0	// Bloodangel Elf Gloves (1 UN)
4570	4570	500000	5281	15	1	1	0	63	0	0	0	254	254	254	254	254	0	0	// Bloodangel Magic Gloves (1 UN)
4580	4580	500000	5300	15	1	1	0	63	0	0	0	254	254	254	254	254	0	0	// Bloodangel Slayer Gloves (1 UN)
4590	4590	500000	5320	15	1	1	0	63	0	0	0	254	254	254	254	254	0	0	// Blood Angel Knight Gloves (Conviction) (1 UN)
4600	4600	500000	5332	15	1	1	0	63	0	0	0	254	254	254	254	254	0	0	// Blood Angel Gun Crusher Gloves (1 UN)
4610	4610	500000	5361	15	1	1	0	63	0	0	0	254	254	254	254	254	0	0	// Blood Angel White Wizard Gloves (1 UN)
4620	4620	500000	5379	15	1	1	0	63	0	0	0	254	254	254	254	254	0	0	// Blood Angel Mage Gloves (1 UN)
4630	4630	500000	5426	15	1	1	0	63	0	0	0	254	254	254	254	254	0	0	// Bloodangel Illusion Knight Gloves (1 UN)
4640	4640	500000	5730	15	1	1	0	63	0	0	0	254	254	254	254	254	0	0	// Bloodangel Knight Boots (1 UN)
4650	4650	500000	5731	15	1	1	0	63	0	0	0	254	254	254	254	254	0	0	// Bloodangel Wizard Boots (1 UN)
4660	4660	500000	5732	15	1	1	0	63	0	0	0	254	254	254	254	254	0	0	// Bloodangel Elf Boots (1 UN)
4670	4670	500000	5733	15	1	1	0	63	0	0	0	254	254	254	254	254	0	0	// Bloodangel Summoner Boots (1 UN)
4680	4680	500000	5734	15	1	1	0	63	0	0	0	254	254	254	254	254	0	0	// Bloodangel Magic Boots (1 UN)
4690	4690	500000	5735	15	1	1	0	63	0	0	0	254	254	254	254	254	0	0	// Bloodangel Lord Boots (1 UN)
4700	4700	500000	5736	15	1	1	0	63	0	0	0	254	254	254	254	254	0	0	// Bloodangel Fighter Boots (1 UN)
4710	4710	500000	5737	15	1	1	0	63	0	0	0	254	254	254	254	254	0	0	// Bloodangel Lancer Boots (1 UN)
4720	4720	500000	5754	15	1	1	0	63	0	0	0	254	254	254	254	254	0	0	// Bloodangel Rune Mage Boots (1 UN)
4730	4730	500000	5790	15	1	1	0	63	0	0	0	254	254	254	254	254	0	0	// Bloodangel Elf Boots (1 UN)
4740	4740	500000	5793	15	1	1	0	63	0	0	0	254	254	254	254	254	0	0	// Bloodangel Magic Boots (1 UN)
4750	4750	500000	5812	15	1	1	0	63	0	0	0	254	254	254	254	254	0	0	// Bloodangel Slayer Boots (1 UN)
4760	4760	500000	5832	15	1	1	0	63	0	0	0	254	254	254	254	254	0	0	// Blood Angel Knight Boots (Conviction) (1 UN)
4770	4770	500000	5844	15	1	1	0	63	0	0	0	254	254	254	254	254	0	0	// Blood Angel Gun Crasher Boots (1 UN)
4780	4780	500000	5873	15	1	1	0	63	0	0	0	254	254	254	254	254	0	0	// Blood Angel White Wizard Boots (1 UN)
4790	4790	500000	5891	15	1	1	0	63	0	0	0	254	254	254	254	254	0	0	// Blood Angel Mage Boots (1 UN)
4800	4800	500000	5938	15	1	1	0	63	0	0	0	254	254	254	254	254	0	0	// Bloodangel Illusion Knight Boots (1 UN)
4810	4810	500000	1555	15	1	1	0	63	0	0	0	255	255	255	255	255	0	0	// Bloodangel Lance (1 UN)
4820	4820	500000	2076	15	1	1	0	63	0	0	0	255	255	255	255	255	0	0	// Bloodangel Bow (1 UN)
4830	4830	500000	2082	15	1	1	0	63	0	0	0	255	255	255	255	255	0	0	// Bloodangel Quiver (1 UN)
4840	4840	500000	2096	15	1	1	0	63	0	0	0	255	255	255	255	255	0	0	// Blood Angel Magic Gun (1 UN)
4850	4850	500000	2601	15	1	1	0	63	0	0	0	255	255	255	255	255	0	0	// Bloodangel Staff (1 UN)
4860	4860	500000	2603	15	1	1	0	63	0	0	0	255	255	255	255	255	0	0	// Bloodangel Stick (1 UN)
4870	4870	500000	2617	15	1	1	0	63	0	0	0	255	255	255	255	255	0	0	// Book of Bloodangel (1 UN)
4880	4880	500000	2633	15	1	1	0	63	0	0	0	255	255	255	255	255	0	0	// Blood Angel Magic Book (1 UN)
4890	4890	500000	2646	15	1	1	0	63	0	0	0	255	255	255	255	255	0	0	// Blood Angel Orb (1 UN)
4900	4900	500000	3116	15	1	1	0	63	0	0	0	255	255	255	255	255	0	0	// Blood Angel Shield (1 UN)
4910	4910	500000	3682	15	1	1	0	63	0	0	0	255	255	255	255	255	0	0	// Bloodangel Knight Helm (1 UN)
4920	4920	500000	3683	15	1	1	0	63	0	0	0	255	255	255	255	255	0	0	// Bloodangel Wizard Helm (1 UN)
4930	4930	500000	3684	15	1	1	0	63	0	0	0	255	255	255	255	255	0	0	// Bloodangel Elf Helm (1 UN)
4940	4940	500000	3685	15	1	1	0	63	0	0	0	255	255	255	255	255	0	0	// Bloodangel Summoner Helm (1 UN)
4950	4950	500000	3687	15	1	1	0	63	0	0	0	255	255	255	255	255	0	0	// Bloodangel Lord Helm (1 UN)
4960	4960	500000	3688	15	1	1	0	63	0	0	0	255	255	255	255	255	0	0	// Bloodangel Fighter Helm (1 UN)
4970	4970	500000	3689	15	1	1	0	63	0	0	0	255	255	255	255	255	0	0	// Bloodangel Lancer Helm (1 UN)
4980	4980	500000	3706	15	1	1	0	63	0	0	0	255	255	255	255	255	0	0	// Bloodangel Rune Mage Helm (1 UN)
4990	4990	500000	3742	15	1	1	0	63	0	0	0	255	255	255	255	255	0	0	// Bloodangel Elf Helm (1 UN)
5000	5000	500000	3764	15	1	1	0	63	0	0	0	255	255	255	255	255	0	0	// Bloodangel Slayer Helm (1 UN)
5010	5010	500000	3784	15	1	1	0	63	0	0	0	255	255	255	255	255	0	0	// Blood Angel Knight Helm (Conviction) (1 UN)
5020	5020	500000	3796	15	1	1	0	63	0	0	0	255	255	255	255	255	0	0	// Blood Angel Gun Crusher Helmet (1 UN)
5030	5030	500000	3825	15	1	1	0	63	0	0	0	255	255	255	255	255	0	0	// Blood Angel White Wizard Helmet (1 UN)
5040	5040	500000	3843	15	1	1	0	63	0	0	0	255	255	255	255	255	0	0	// Blood Angel Mage Helmet (1 UN)
5050	5050	500000	3890	15	1	1	0	63	0	0	0	255	255	255	255	255	0	0	// Bloodangel Illusion Knight Helm (1 UN)
5060	5060	500000	4194	15	1	1	0	63	0	0	0	255	255	255	255	255	0	0	// Bloodangel Knight Armor (1 UN)
5070	5070	500000	4195	15	1	1	0	63	0	0	0	255	255	255	255	255	0	0	// Bloodangel Wizard Armor (1 UN)
5080	5080	500000	4196	15	1	1	0	63	0	0	0	255	255	255	255	255	0	0	// Bloodangel Elf Armor (1 UN)
5090	5090	500000	4197	15	1	1	0	63	0	0	0	255	255	255	255	255	0	0	// Bloodangel Summoner Armor (1 UN)
5100	5100	500000	4198	15	1	1	0	63	0	0	0	255	255	255	255	255	0	0	// Bloodangel Magic Armor (1 UN)
5110	5110	500000	4199	15	1	1	0	63	0	0	0	255	255	255	255	255	0	0	// Bloodangel Lord Armor (1 UN)
5120	5120	500000	4200	15	1	1	0	63	0	0	0	255	255	255	255	255	0	0	// Bloodangel Fighter Armor (1 UN)
5130	5130	500000	4201	15	1	1	0	63	0	0	0	255	255	255	255	255	0	0	// Bloodangel Lancer Armor (1 UN)
5140	5140	500000	4218	15	1	1	0	63	0	0	0	255	255	255	255	255	0	0	// Bloodangel Rune Mage Armor (1 UN)
5150	5150	500000	4254	15	1	1	0	63	0	0	0	255	255	255	255	255	0	0	// Bloodangel Elf Armor (1 UN)
5160	5160	500000	4257	15	1	1	0	63	0	0	0	255	255	255	255	255	0	0	// Bloodangel Magic Armor (1 UN)
5170	5170	500000	4276	15	1	1	0	63	0	0	0	255	255	255	255	255	0	0	// Bloodangel Slayer Armor (1 UN)
5180	5180	500000	4296	15	1	1	0	63	0	0	0	255	255	255	255	255	0	0	// Blood Angel Knight Armor (Conviction) (1 UN)
5190	5190	500000	4308	15	1	1	0	63	0	0	0	255	255	255	255	255	0	0	// Blood Angel Gun Crusher Armor (1 UN)
5200	5200	500000	4337	15	1	1	0	63	0	0	0	255	255	255	255	255	0	0	// Blood Angel White Wizard Armor (1 UN)
5210	5210	500000	4355	15	1	1	0	63	0	0	0	255	255	255	255	255	0	0	// Blood Angel Mage Armor (1 UN)
5220	5220	500000	4402	15	1	1	0	63	0	0	0	255	255	255	255	255	0	0	// Bloodangel Illusion Knight Armor (1 UN)
5230	5230	500000	4706	15	1	1	0	63	0	0	0	255	255	255	255	255	0	0	// Bloodangel Knight Pants (1 UN)
5240	5240	500000	4707	15	1	1	0	63	0	0	0	255	255	255	255	255	0	0	// Bloodangel Wizard Pants (1 UN)
5250	5250	500000	4708	15	1	1	0	63	0	0	0	255	255	255	255	255	0	0	// Bloodangel Elf Pants (1 UN)
5260	5260	500000	4709	15	1	1	0	63	0	0	0	255	255	255	255	255	0	0	// Bloodangel Summoner Pants (1 UN)
5270	5270	500000	4710	15	1	1	0	63	0	0	0	255	255	255	255	255	0	0	// Bloodangel Magic Pants (1 UN)
5280	5280	500000	4711	15	1	1	0	63	0	0	0	255	255	255	255	255	0	0	// Bloodangel Lord Pants (1 UN)
5290	5290	500000	4712	15	1	1	0	63	0	0	0	255	255	255	255	255	0	0	// Bloodangel Fighter Pants (1 UN)
5300	5300	500000	4713	15	1	1	0	63	0	0	0	255	255	255	255	255	0	0	// Bloodangel Lancer Pants (1 UN)
5310	5310	500000	4730	15	1	1	0	63	0	0	0	255	255	255	255	255	0	0	// Bloodangel Rune Mage Pants (1 UN)
5320	5320	500000	4766	15	1	1	0	63	0	0	0	255	255	255	255	255	0	0	// Bloodangel Elf Pants (1 UN)
5330	5330	500000	4769	15	1	1	0	63	0	0	0	255	255	255	255	255	0	0	// Bloodangel Magic Pants (1 UN)
5340	5340	500000	4788	15	1	1	0	63	0	0	0	255	255	255	255	255	0	0	// Bloodangel Slayer Pants (1 UN)
5350	5350	500000	4808	15	1	1	0	63	0	0	0	255	255	255	255	255	0	0	// Blood Angel Knight Pants (Conviction) (1 UN)
5360	5360	500000	4820	15	1	1	0	63	0	0	0	255	255	255	255	255	0	0	// Blood Angel Gun Crusher Pants (1 UN)
5370	5370	500000	4849	15	1	1	0	63	0	0	0	255	255	255	255	255	0	0	// Blood Angel White Wizard Pants (1 UN)
5380	5380	500000	4867	15	1	1	0	63	0	0	0	255	255	255	255	255	0	0	// Blood Angel Mage Pants (1 UN)
5390	5390	500000	4914	15	1	1	0	63	0	0	0	255	255	255	255	255	0	0	// Bloodangel Illusion Knight Pants (1 UN)
5400	5400	500000	5218	15	1	1	0	63	0	0	0	255	255	255	255	255	0	0	// Bloodangel Knight Gloves (1 UN)
5410	5410	500000	5219	15	1	1	0	63	0	0	0	255	255	255	255	255	0	0	// Bloodangel Wizard Gloves (1 UN)
5420	5420	500000	5220	15	1	1	0	63	0	0	0	255	255	255	255	255	0	0	// Bloodangel Elf Gloves (1 UN)
5430	5430	500000	5221	15	1	1	0	63	0	0	0	255	255	255	255	255	0	0	// Bloodangel Summoner Gloves (1 UN)
5440	5440	500000	5222	15	1	1	0	63	0	0	0	255	255	255	255	255	0	0	// Bloodangel Magic Gloves (1 UN)
5450	5450	500000	5223	15	1	1	0	63	0	0	0	255	255	255	255	255	0	0	// Bloodangel Lord Gloves (1 UN)
5460	5460	500000	5225	15	1	1	0	63	0	0	0	255	255	255	255	255	0	0	// Bloodangel Lancer Gloves (1 UN)
5470	5470	500000	5242	15	1	1	0	63	0	0	0	255	255	255	255	255	0	0	// Bloodangel Rune Mage Gloves (1 UN)
5480	5480	500000	5278	15	1	1	0	63	0	0	0	255	255	255	255	255	0	0	// Bloodangel Elf Gloves (1 UN)
5490	5490	500000	5281	15	1	1	0	63	0	0	0	255	255	255	255	255	0	0	// Bloodangel Magic Gloves (1 UN)
5500	5500	500000	5300	15	1	1	0	63	0	0	0	255	255	255	255	255	0	0	// Bloodangel Slayer Gloves (1 UN)
5510	5510	500000	5320	15	1	1	0	63	0	0	0	255	255	255	255	255	0	0	// Blood Angel Knight Gloves (Conviction) (1 UN)
5520	5520	500000	5332	15	1	1	0	63	0	0	0	255	255	255	255	255	0	0	// Blood Angel Gun Crusher Gloves (1 UN)
5530	5530	500000	5361	15	1	1	0	63	0	0	0	255	255	255	255	255	0	0	// Blood Angel White Wizard Gloves (1 UN)
5540	5540	500000	5379	15	1	1	0	63	0	0	0	255	255	255	255	255	0	0	// Blood Angel Mage Gloves (1 UN)
5550	5550	500000	5426	15	1	1	0	63	0	0	0	255	255	255	255	255	0	0	// Bloodangel Illusion Knight Gloves (1 UN)
5560	5560	500000	5730	15	1	1	0	63	0	0	0	255	255	255	255	255	0	0	// Bloodangel Knight Boots (1 UN)
5570	5570	500000	5731	15	1	1	0	63	0	0	0	255	255	255	255	255	0	0	// Bloodangel Wizard Boots (1 UN)
5580	5580	500000	5732	15	1	1	0	63	0	0	0	255	255	255	255	255	0	0	// Bloodangel Elf Boots (1 UN)
5590	5590	500000	5733	15	1	1	0	63	0	0	0	255	255	255	255	255	0	0	// Bloodangel Summoner Boots (1 UN)
5600	5600	500000	5734	15	1	1	0	63	0	0	0	255	255	255	255	255	0	0	// Bloodangel Magic Boots (1 UN)
5610	5610	500000	5735	15	1	1	0	63	0	0	0	255	255	255	255	255	0	0	// Bloodangel Lord Boots (1 UN)
5620	5620	500000	5736	15	1	1	0	63	0	0	0	255	255	255	255	255	0	0	// Bloodangel Fighter Boots (1 UN)
5630	5630	500000	5737	15	1	1	0	63	0	0	0	255	255	255	255	255	0	0	// Bloodangel Lancer Boots (1 UN)
5640	5640	500000	5754	15	1	1	0	63	0	0	0	255	255	255	255	255	0	0	// Bloodangel Rune Mage Boots (1 UN)
5650	5650	500000	5790	15	1	1	0	63	0	0	0	255	255	255	255	255	0	0	// Bloodangel Elf Boots (1 UN)
5660	5660	500000	5793	15	1	1	0	63	0	0	0	255	255	255	255	255	0	0	// Bloodangel Magic Boots (1 UN)
5670	5670	500000	5812	15	1	1	0	63	0	0	0	255	255	255	255	255	0	0	// Bloodangel Slayer Boots (1 UN)
5680	5680	500000	5832	15	1	1	0	63	0	0	0	255	255	255	255	255	0	0	// Blood Angel Knight Boots (Conviction) (1 UN)
5690	5690	500000	5844	15	1	1	0	63	0	0	0	255	255	255	255	255	0	0	// Blood Angel Gun Crasher Boots (1 UN)
5700	5700	500000	5873	15	1	1	0	63	0	0	0	255	255	255	255	255	0	0	// Blood Angel White Wizard Boots (1 UN)
5710	5710	500000	5891	15	1	1	0	63	0	0	0	255	255	255	255	255	0	0	// Blood Angel Mage Boots (1 UN)
5720	5720	500000	5938	15	1	1	0	63	0	0	0	255	255	255	255	255	0	0	// Bloodangel Illusion Knight Boots (1 UN)
5730	5730	500000	6664	15	1	1	0	31	0	0	0	255	255	255	255	255	0	0	// Ring of Ice (1 UN)
5740	5740	500000	6665	15	1	1	0	31	0	0	0	255	255	255	255	255	0	0	// Ring of Poison (1 UN)
5750	5750	500000	6668	15	1	1	0	31	0	0	0	255	255	255	255	255	0	0	// Pendant of Lighting (1 UN)
5760	5760	500000	6669	15	1	1	0	31	0	0	0	255	255	255	255	255	0	0	// Pendant of Fire (1 UN)
5770	5770	500000	6677	15	1	1	0	31	0	0	0	255	255	255	255	255	0	0	// Ring of Fire (1 UN)
5780	5780	500000	6678	15	1	1	0	31	0	0	0	255	255	255	255	255	0	0	// Ring of Earth (1 UN)
5790	5790	500000	6679	15	1	1	0	31	0	0	0	255	255	255	255	255	0	0	// Ring of Wind (1 UN)
5800	5800	500000	6681	15	1	1	0	31	0	0	0	255	255	255	255	255	0	0	// Pendant of Ice (1 UN)
5810	5810	500000	6682	15	1	1	0	31	0	0	0	255	255	255	255	255	0	0	// Pendant of Wind (1 UN)
5820	5820	500000	6683	15	1	1	0	31	0	0	0	255	255	255	255	255	0	0	// Pendant of Water (1 UN)
5830	5830	500	7240	0	0	0	0	0	0	0	0	255	255	255	255	255	0	604800	// Scroll of Quickness (7 Days)
5840	5840	500	7241	0	0	0	0	0	0	0	0	255	255	255	255	255	0	604800	// Scroll of Defense (7 Days)
5850	5850	500	7242	0	0	0	0	0	0	0	0	255	255	255	255	255	0	604800	// Scroll of Wrath (7 Days)
5860	5860	500	7243	0	0	0	0	0	0	0	0	255	255	255	255	255	0	604800	// Scroll of Wizardry (7 Days)
5870	5870	500	7244	0	0	0	0	0	0	0	0	255	255	255	255	255	0	604800	// Scroll of Health (7 Days)
5880	5880	500	7245	0	0	0	0	0	0	0	0	255	255	255	255	255	0	604800	// Scroll of Mana (7 Days)
5890	5890	500	7246	0	0	0	0	0	0	0	0	255	255	255	255	255	0	604800	// Elixir of Strength (7 Days)
5900	5900	500	7247	0	0	0	0	0	0	0	0	255	255	255	255	255	0	604800	// Elixir of Agility (7 Days)
5910	5910	500	7248	0	0	0	0	0	0	0	0	255	255	255	255	255	0	604800	// Elixir of Health (7 Days)
5920	5920	500	7249	0	0	0	0	0	0	0	0	255	255	255	255	255	0	604800	// Elixir of Energy (7 Days)
5930	5930	500	7250	0	0	0	0	0	0	0	0	255	255	255	255	255	0	604800	// Elixir of Control (7 Days)
5940	5940	3000	6624	15	1	1	0	31	0	0	0	255	255	255	255	255	0	604800	// Wings of Authority (7 Days)
end
